0.126431
-0.047139
0.111446
-0.053540
0.109411
-0.054409
0.109134
-0.054527
0.109097
-0.054543
0.109092
-0.054545
0.109091
-0.054545
0.109091
-0.054545
0.109091
-0.054545
0.109091
-0.054545
0.109091
-0.054545
0.109091
-0.054545
0.109091
-0.054545
0.109091
-0.054545
0.109091
-0.054545
0.109091
-0.054545
0.109091
-0.054545
0.109091
-0.054545
0.109091
-0.054545
0.109091
-0.054545
0.109091
-0.054545
0.109091
-0.054545
0.109091
-0.054545
0.109091
-0.054545
0.109091
-0.054545
0.109091
-0.054545
0.109091
-0.054545
0.109091
-0.054545
0.109091
-0.054545
0.109091
-0.054545
0.109091
-0.054545
0.109091
-0.054545
0.109091
-0.054545
0.109091
-0.054545
0.109091
-0.054545
0.109091
-0.054545
0.109091
-0.054545
0.109091
-0.054545
0.109091
-0.054545
0.109091
-0.054545
0.109091
-0.054545
0.109091
-0.054545
0.109091
-0.054545
0.109091
-0.054546
0.109090
-0.054547
0.109086
-0.054555
0.109054
-0.054615
0.108818
-0.055057
0.107079
-0.058313
0.094277
-0.082289
