0.000116
0.000139
0.000148
0.000157
0.000166
0.000176
0.000187
0.000198
0.000210
0.000223
0.000236
0.000250
0.000265
0.000281
0.000297
0.000315
0.000333
0.000352
0.000373
0.000394
0.000417
0.000441
0.000466
0.000493
0.000520
0.000550
0.000581
0.000613
0.000648
0.000684
0.000722
0.000761
0.000803
0.000847
0.000894
0.000942
0.000993
0.001047
0.001103
0.001162
0.001224
0.001289
0.001357
0.001429
0.001504
0.001582
0.001665
0.001751
0.001841
0.001936
0.002035
0.002139
0.002247
0.002361
0.002480
0.002604
0.002734
0.002870
0.003012
0.003161
0.003316
0.003478
0.003648
0.003825
0.004009
0.004202
0.004403
0.004612
0.004831
0.005059
0.005297
0.005545
0.005803
0.006072
0.006353
0.006644
0.006948
0.007265
0.007594
0.007937
0.008293
0.008664
0.009049
0.009450
0.009866
0.010299
0.010748
0.011215
0.011700
0.012204
0.012726
0.013268
0.013831
0.014414
0.015019
0.015647
0.016297
0.016971
0.017669
0.018392
0.019141
0.019917
0.020720
0.021551
0.022410
0.023300
0.024219
0.025170
0.026153
0.027169
0.028219
0.029304
0.030424
0.031581
0.032775
0.034007
0.035279
0.036591
0.037944
0.039339
0.040777
0.042260
0.043787
0.045361
0.046982
0.048651
0.050369
0.052137
0.053957
0.055829
0.057755
0.059734
0.061770
0.063862
0.066011
0.068219
0.070487
0.072816
0.075207
0.077660
0.080178
0.082760
0.085409
0.088124
0.090908
0.093761
0.096684
0.099678
0.102745
0.105884
0.109098
0.112386
0.115751
0.119192
0.122711
0.126309
0.129986
0.133743
0.137581
0.141501
0.145504
0.149590
0.153760
0.158014
0.162354
0.166779
0.171291
0.175889
0.180575
0.185348
0.190210
0.195159
0.200198
0.205325
0.210542
0.215848
0.221243
0.226728
0.232302
0.237965
0.243717
0.249559
0.255490
0.261509
0.267616
0.273811
0.280093
0.286462
0.292917
0.299457
0.306082
0.312791
0.319583
0.326457
0.333413
0.340448
0.347561
0.354753
0.362021
0.369363
0.376779
0.384267
0.391825
0.399452
0.407145
0.414904
0.422725
0.430608
0.438550
0.446549
0.454603
0.462709
0.470866
0.479070
0.487320
0.495612
0.503944
0.512314
0.520718
0.529155
0.537620
0.546111
0.554625
0.563159
0.571710
0.580274
0.588849
0.597430
0.606015
0.614601
0.623183
0.631758
0.640323
0.648874
0.657407
0.665919
0.674407
0.682866
0.691292
0.699682
0.708031
0.716337
0.724595
0.732802
0.740953
0.749044
0.757072
0.765033
0.772923
0.780737
0.788473
0.796126
0.803691
0.811167
0.818547
0.825829
0.833010
0.840084
0.847048
0.853899
0.860633
0.867247
0.873736
0.880097
0.886327
0.892422
0.898379
0.904195
0.909866
0.915389
0.920761
0.925979
0.931040
0.935941
0.940679
0.945252
0.949657
0.953891
0.957952
0.961838
0.965545
0.969073
0.972419
0.975581
0.978557
0.981346
0.983945
0.986353
0.988569
0.990592
0.992420
0.994052
0.995487
0.996725
0.997764
0.998604
0.999245
0.999685
0.999926
0.999966
0.999806
0.999445
0.998884
0.998124
0.997165
0.996006
0.994650
0.993096
0.991347
0.989402
0.987263
0.984931
0.982408
0.979695
0.976794
0.973706
0.970433
0.966978
0.963342
0.959527
0.955536
0.951371
0.947034
0.942528
0.937856
0.933020
0.928022
0.922867
0.917556
0.912093
0.906481
0.900723
0.894822
0.888782
0.882605
0.876296
0.869858
0.863294
0.856607
0.849803
0.842883
0.835852
0.828714
0.821472
0.814130
0.806693
0.799163
0.791544
0.783841
0.776058
0.768198
0.760265
0.752263
0.744197
0.736069
0.727884
0.719647
0.711359
0.703027
0.694652
0.686240
0.677794
0.669318
0.660815
0.652290
0.643745
0.635185
0.626614
0.618034
0.609450
0.600864
0.592281
0.583703
0.575134
0.566577
0.558036
0.549514
0.541013
0.532537
0.524089
0.515672
0.507288
0.498940
0.490631
0.482365
0.474142
0.465966
0.457839
0.449764
0.441743
0.433778
0.425871
0.418025
0.410241
0.402521
0.394867
0.387282
0.379766
0.372321
0.364949
0.357651
0.350429
0.343284
0.336217
0.329230
0.322323
0.315498
0.308756
0.302097
0.295523
0.289033
0.282630
0.276313
0.270083
0.263941
0.257887
0.251921
0.246044
0.240255
0.234556
0.228946
0.223426
0.217995
0.212654
0.207401
0.202238
0.197164
0.192179
0.187282
0.182474
0.177753
0.173120
0.168573
0.164114
0.159740
0.155451
0.151248
0.147128
0.143093
0.139139
0.135269
0.131479
0.127770
0.124141
0.120590
0.117118
0.113723
0.110404
0.107161
0.103992
0.100896
0.097873
0.094922
0.092041
0.089229
0.086487
0.083811
0.081203
0.078659
0.076180
0.073765
0.071411
0.069119
0.066887
0.064715
0.062600
0.060542
0.058540
0.056593
0.054700
0.052859
0.051070
0.049332
0.047644
0.046004
0.044411
0.042865
0.041365
0.039909
0.038497
0.037127
0.035799
0.034511
0.033263
0.032054
0.030882
0.029748
0.028649
0.027585
0.026556
0.025560
0.024596
0.023664
0.022762
0.021891
0.021049
0.020235
0.019448
0.018689
0.017955
0.017247
0.016564
0.015904
0.015268
0.014654
0.014062
0.013491
0.012941
0.012410
0.011899
0.011407
0.010933
0.010477
0.010037
0.009614
0.009208
0.008816
0.008440
0.008078
0.007729
0.007395
0.007073
0.006765
0.006468
0.006183
0.005909
0.005647
0.005395
0.005153
0.004921
0.004699
0.004486
0.004281
0.004085
0.003897
0.003718
0.003545
0.003380
0.003222
0.003071
0.002926
0.002788
0.002656
0.002529
0.002408
0.002292
0.002182
0.002076
0.001975
0.001879
0.001786
0.001699
0.001615
0.001535
0.001458
0.001385
0.001316
0.001250
0.001186
0.001126
0.001069
0.001014
0.000962
0.000913
0.000866
0.000821
0.000778
0.000737
0.000699
0.000662
0.000627
0.000594
0.000562
0.000532
0.000504
0.000476
0.000451
0.000426
0.000403
0.000381
0.000360
0.000341
0.000322
0.000304
0.000287
0.000271
0.000256
0.000242
0.000228
0.000215
0.000203
0.000191
0.000181
0.000170
0.000160
0.000151
0.000143
0.000134
0.000126
0.000119
0.000112
0.000106
0.000099
0.000093
0.000088
0.000083
0.000078
0.000073
0.000069
0.000065
0.000061
0.000057
0.000054
0.000050
0.000047
0.000044
0.000042
0.000039
0.000037
0.000034
0.000032
0.000030
0.000028
0.000027
0.000025
0.000023
0.000022
0.000020
0.000019
0.000018
0.000017
0.000016
0.000015
0.000014
0.000013
0.000012
0.000011
0.000010
0.000010
0.000009
0.000009
0.000008
0.000007
0.000007
0.000006
0.000006
0.000006
0.000005
0.000005
0.000005
0.000004
0.000004
0.000004
0.000003
0.000003
0.000003
0.000003
0.000003
0.000002
0.000002
0.000002
0.000002
0.000002
0.000002
0.000002
0.000001
0.000001
0.000001
0.000001
0.000001
0.000001
0.000001
0.000001
0.000001
0.000001
0.000001
0.000001
0.000001
0.000001
0.000001
0.000000
0.000000
0.000000
0.000000
0.000000
0.000000
0.000000
0.000000
0.000000
0.000000
0.000000
0.000000
0.000000
0.000000
0.000000
0.000000
0.000000
0.000000
0.000000
0.000000
0.000000
0.000000
0.000000
0.000000
0.000000
0.000000
0.000000
0.000000
0.000000
0.000000
0.000000
0.000000
0.000000
0.000000
0.000000
0.000000
0.000000
0.000000
0.000000
0.000000
0.000000
0.000000
0.000000
0.000000
0.000000
0.000000
0.000000
0.000000
0.000000
0.000000
0.000000
0.000000
0.000000
0.000000
0.000000
0.000000
0.000000
0.000000
0.000000
0.000000
0.000000
0.000000
0.000000
0.000000
0.000000
0.000000
0.000000
0.000000
0.000000
0.000000
0.000000
0.000000
0.000000
0.000000
0.000000
0.000000
0.000000
0.000000
0.000000
0.000000
0.000000
0.000000
0.000000
0.000000
0.000000
0.000000
0.000000
0.000000
0.000000
0.000000
0.000000
0.000000
0.000000
0.000000
0.000000
0.000000
0.000000
0.000000
0.000000
0.000000
0.000000
0.000000
0.000000
0.000000
0.000000
0.000000
0.000000
0.000000
0.000000
0.000000
0.000000
0.000000
0.000000
0.000000
0.000000
0.000000
0.000000
0.000000
0.000000
0.000000
0.000000
0.000000
0.000000
0.000000
0.000000
0.000000
0.000000
0.000000
0.000000
0.000000
0.000000
0.000000
0.000000
0.000000
0.000000
0.000000
0.000000
0.000000
0.000000
0.000000
0.000000
0.000000
0.000000
0.000000
0.000000
0.000000
0.000000
0.000000
0.000000
0.000000
0.000000
0.000000
0.000000
0.000000
0.000000
0.000000
0.000000
0.000000
0.000000
0.000000
0.000000
0.000000
0.000000
0.000000
0.000000
0.000000
0.000000
0.000000
0.000000
0.000000
0.000000
0.000000
0.000000
0.000000
0.000000
0.000000
0.000000
0.000000
0.000000
0.000000
0.000000
0.000000
0.000000
0.000000
0.000000
0.000000
0.000000
0.000000
0.000000
0.000000
0.000000
0.000000
0.000000
0.000000
0.000000
0.000000
0.000000
0.000000
0.000000
0.000000
0.000000
0.000000
0.000000
0.000000
0.000000
0.000000
0.000000
0.000000
0.000000
0.000000
0.000000
0.000000
0.000000
0.000000
0.000000
0.000000
0.000000
0.000000
0.000000
0.000000
0.000000
0.000000
0.000000
0.000000
0.000000
0.000000
0.000000
0.000000
0.000000
0.000000
0.000000
0.000000
0.000000
0.000000
0.000000
0.000000
0.000000
0.000000
0.000000
0.000000
0.000000
0.000000
0.000000
0.000000
0.000000
0.000000
0.000000
0.000000
0.000000
0.000000
0.000000
0.000000
0.000000
0.000000
0.000000
0.000000
0.000000
0.000000
0.000000
0.000000
0.000000
0.000000
0.000000
0.000000
0.000000
0.000000
0.000000
0.000000
0.000000
0.000000
0.000000
0.000000
0.000000
0.000000
0.000000
0.000000
0.000000
0.000000
0.000000
0.000000
0.000000
0.000000
0.000000
0.000000
0.000000
0.000000
0.000000
0.000000
0.000000
0.000000
0.000000
0.000000
0.000000
0.000000
0.000000
0.000000
0.000000
0.000000
0.000000
0.000000
0.000000
0.000000
0.000000
0.000000
0.000000
0.000000
0.000000
0.000000
0.000000
0.000000
0.000000
0.000000
0.000000
0.000000
0.000000
0.000000
0.000000
0.000000
