-5.809993099031934838e-01 1.014562368223987043e+00
-5.387636453910165102e-01 -2.173070288703090380e+00
1.226563554537243722e-01 1.469103725622988188e+00
4.762894622149143053e+00 5.780890720139955086e-01
-2.483312565221337920e+00 1.949027070689656416e+00
-2.527128938381935530e+00 -5.163506715713758743e-02
3.565682828721658204e+00 -1.377392825260976617e+00
4.431631904494511276e-01 9.900530991079844467e-01
-9.328909481606455500e-01 -2.899294468861917662e-01
-2.167424906503665483e-01 -7.320001949609148406e-01
3.981861117748615175e-01 -8.316749688693246823e-01
2.613293787062006546e-01 -2.004983607243985555e-01
2.536465639367436520e+00 1.509411031308764972e-01
-1.904163296076253564e+00 6.390545150455693157e-01
4.026844474432053622e-01 -1.558009892674917518e+00
1.692187008641744816e-01 -5.348125545002746506e-03
-2.440885691815435354e+00 -6.446023213287089826e-01
2.177838977956083166e+00 6.197147867985245417e-01
-1.721104098247345116e+00 -4.245184406398036514e-01
-1.091642734526242275e+00 -9.136718810550860104e-01
3.321475874767531589e-01 -8.399559057646807103e-01
3.429283703001035355e-01 -3.041197370301216285e-01
3.656494866086791973e+00 -1.478718038084616326e+00
9.244600145904986743e-02 -1.349528314961808695e+00
-1.870117278106796288e+00 -9.700079012552036417e-01
-1.338265747512759729e+00 5.563940361927600248e-02
1.818390845430185809e+00 2.510498563662748150e+00
-2.195832383483055761e+00 -7.887579105411768321e-01
-1.643303407571764074e+00 2.520503334673863893e+00
-1.399309813737047881e+00 -6.693312992576436748e-01
-1.055410539192160435e+00 8.328208702994382984e-01
3.262803756707094438e-01 -1.582148106222799777e+00
6.760403177137357389e-01 -1.599569745344375127e+00
1.381810896934405397e+00 1.003370530591269072e-01
-8.612986007462725135e-01 -8.392012448936467250e-02
-1.682237900040525869e+00 -2.381107885729488727e-01
-1.305696989108072525e+00 3.001131385281693431e-01
-1.579927834330675518e+00 -5.243172503945148222e-01
9.711438057975301241e-01 6.671551836971514327e-01
-5.406159302415557422e-01 3.724867325933660100e-01
4.392662189831265662e-01 -7.699797639288469275e-01
8.166194005138343037e-01 -8.876801861896020940e-01
4.882261608854022050e+00 -1.575049479237650152e+00
-4.246178160287287229e-01 4.907023628077002431e-01
-4.103393044926515465e+00 -1.156100704501296983e+00
1.897111645759414156e+00 -5.237863461016981637e-01
-2.082511064025450498e+00 1.811419268466808175e-01
-4.431598313533934963e+00 -1.930642747242574120e-01
1.057709565920946088e-01 4.774489095888999057e-01
-5.139119685696746487e+00 -1.487812303623175625e+00
2.512964338537301057e+00 1.828387074182448613e+00
1.947911652590237630e-01 -1.527726668013271949e+00
5.142788587814858259e-01 5.361263840569734374e-01
-2.778748282730961888e-02 1.522983482687125134e+00
2.139901564890397623e+00 -6.955357124378697131e-01
1.495206867275677531e+00 -1.202789190415528703e-01
-8.791349640223747874e-01 2.461691782502966608e-01
5.397956074241274660e-01 9.044070124933348276e-02
6.389502991272193455e-01 -1.069722099493074091e-01
1.501686932474029845e+00 8.867836605156411700e-01
4.402253592786862235e+00 2.012651409111795520e+00
-9.784680357512813564e-02 5.882829142180566739e-01
2.260742314399572628e+00 2.626493509072816979e-01
1.687063689647792408e+00 4.745694786842195034e-01
2.754197383041477654e+00 -9.442446500666112907e-02
-1.757281391890612054e+00 1.200640545658068881e+00
2.922296977639136539e+00 -2.075115697237177870e-01
1.320886310161528687e+00 1.671288673680976500e-01
-1.368174218837175049e+00 1.887679617527949105e+00
-6.190141077251921642e-01 -5.476465750192340831e-01
-1.424105737351560430e+00 -3.210253957731190599e-02
-1.169932843125919275e+00 7.598060070076391170e-01
-5.576895382843264359e-01 4.857275797502117465e-01
-2.268494220525636429e+00 1.726180340082076548e+00
8.408717560571914440e-01 -8.368581153267389272e-01
3.024022103190916688e+00 -7.905457674178597571e-01
-2.864889847424730629e+00 1.615110962543079010e-01
1.935602573831483486e+00 1.707325499630160337e+00
2.323281408187869879e+00 8.879227395000277578e-01
7.654768819716244455e-01 1.595350013544130086e-01
7.721139382363749748e-01 -2.002703497386270293e+00
1.118278192081024192e-01 -2.187849176487263847e+00
4.059916690385479421e-01 1.089831405032839623e-01
1.146243288964184703e+00 5.864529440184077513e-01
-1.867827197263194794e+00 1.238043163380004169e-01
-1.097642365018985933e+00 1.111818750944725931e+00
2.468993565852210526e-01 1.023583104023695345e+00
2.878657985458291102e-02 6.281697398341835603e-01
-1.030446344353856292e+00 -6.540309823498560160e-01
-1.151899761878734108e-01 1.314168783296469911e+00
-2.764722695081538006e+00 -2.659338126750024345e-01
1.393667875513004695e-01 6.715648605878079547e-01
7.176622100632963352e+00 -1.175726321998364909e+00
2.076780593705886524e+00 -2.650999298645765112e+00
3.045085389260320241e+00 8.128079270073395035e-01
-1.681721725611762253e+00 1.027919065402903342e+00
-3.811881075661962548e+00 1.184903095679630952e-01
2.724779715621281184e+00 -9.721851613352280319e-01
-6.674965928333481680e-01 -1.285302281080037634e+00
2.929047080481100185e+00 6.544306983054819574e-03
5.200525714340750172e-01 1.338378820768441502e+00
3.323652833415569607e-01 7.984384085006328985e-03
3.090018353089733605e+00 5.907712130405819995e-01
3.828444423131668106e+00 1.265130463167117636e+00
5.213859934776633454e-01 2.280229596019579752e+00
-8.203273391815957272e-01 -1.725479220827088156e+00
2.893895748604613516e+00 -1.928159459594275260e+00
1.633913862696952268e+00 4.530189478012359161e-01
1.947714973680829020e+00 -5.623560720335385454e-01
-5.573628667398548231e+00 7.608024945293651031e-01
1.055115315999261005e+00 -2.391244747095249146e-01
-2.017233871434456205e+00 -1.060711392475360171e+00
9.430229976163446715e-01 3.779081319381421417e-02
-4.103561810342110094e-01 -6.542607080634460504e-01
-4.234174237290964093e+00 -9.953472497368868188e-01
4.920516992398389355e+00 -1.533323874817124732e+00
-3.874725145123596892e+00 -2.432763229745703859e-01
-1.007732086200156196e+00 2.641896760526108334e+00
6.347104451376731626e-01 9.797526341117852589e-01
1.318316664976695751e+00 1.095583496178613725e+00
9.739270651448286298e-01 8.362750093543126484e-01
1.643060716644751063e+00 4.582226458820198856e-02
-1.011179669436643946e+00 1.460421276638389776e-01
-1.542814163828641894e+00 -1.054010607694054968e+00
-2.430124220146221869e+00 -8.728439614378803446e-01
-3.211401988570264709e+00 -7.123341601344811147e-02
-3.259617133397512578e+00 -1.794864281200298783e-01
-2.664782265559487051e+00 -4.753748317675295793e-02
-3.786482506647312340e-01 1.000574769400202069e+00
1.894154136655020970e+00 1.014244671183492486e+00
-1.322462165883792728e+00 -7.058849552805126493e-01
1.873685048847430368e+00 -7.543919833599342928e-01
3.625518190349386050e+00 1.245804048991074192e-01
-1.797360462102888246e+00 1.347249237497041952e+00
-3.989745608304315350e-01 -3.586353065633619552e-01
3.227392743077998727e+00 -6.166791360875334416e-01
-2.812115963084826031e+00 -5.246120195001979791e-01
2.272911655966890265e+00 -1.022314687607795536e+00
2.332808736287788953e+00 -1.128162670093557779e-01
-1.407903228402491269e+00 1.668054399604441462e+00
-1.106629947545735293e+00 -9.928583007366685864e-01
6.497177295186693513e-01 3.298357575858548163e-01
-3.470092918684905214e+00 -7.817669167858812274e-02
2.771376886259325989e+00 1.522015451327411339e+00
-3.843624183740497635e+00 -1.419108823414485521e-01
3.924787093159876061e+00 -1.218931195140216861e+00
3.931693178577916892e-01 -9.661979084306451804e-02
4.908737224604634797e+00 -2.222420328001458584e-02
3.588734808618895489e+00 -3.507268985853373433e-01
-3.721414099756399363e+00 1.637281903199789168e+00
-1.383434322903518643e+00 -3.764163794186628498e-01
1.378807688664334119e+00 -1.844172519229131835e+00
-7.703977038673799349e-01 -6.088850500291204809e-02
-1.849222852106591430e+00 -1.503747105649293481e+00
4.539163824940406045e+00 -2.908594625567352820e-01
-1.263836189244605279e+00 -2.875847702800364281e-01
-2.104044055298819327e-01 -6.990328218866334042e-01
1.689179583575998400e+00 -5.018757361387723992e-02
-1.556260754572394711e-01 -8.697593480700861468e-01
1.985146200369956926e+00 -3.594883735826865934e-01
1.499892034615958325e+00 -1.796547462499848313e+00
6.869324548996693203e+00 -7.013488530919869124e-01
7.279651619027243115e-01 9.087659649789524210e-05
1.245119710556321202e+00 4.101837598237888294e+00
9.453270607781155688e-01 -3.310388586881996553e-01
-1.250414422430399020e+00 3.750481624913137857e-01
-1.571156345890303285e+00 1.704275197903837968e+00
2.752079868385220784e+00 -1.625880157807004345e+00
9.261704066173929162e-01 6.250885876713255795e-01
3.602912698672588454e-01 -5.829479222383046055e-01
7.234470370869630074e-01 -1.688436508529004287e+00
-3.035470683238716383e+00 2.051535991132827697e+00
-1.636010430831077000e+00 -2.206084392043546227e+00
-1.681987310909342836e+00 -4.997438472436416257e-01
6.236269506418583575e-01 7.290999442195653657e-01
-2.377977144826515232e+00 -2.163039245525763543e-02
5.619460183121429697e-01 2.840364431861382433e-01
8.100922952999586313e-01 -1.926883509160372820e-01
-4.568878471743451186e+00 1.093704966138600687e+00
2.903832522077283596e+00 -4.629909427742994188e-01
-3.372371646259635813e+00 6.059615374001525723e-01
8.900517039145481313e-01 -1.797533324635425811e-01
2.961157986968416811e+00 1.175475001565476241e+00
6.213555953244568331e-01 -1.479393506932634959e-02
-1.947637767097847861e-01 -3.279980908845647192e-01
1.436684141265254677e+00 -4.771638958859543145e-01
9.797931480724999531e-01 2.552275138850041092e+00
4.007765623615439310e+00 3.988924611705260692e-02
-5.814849068617898853e-01 2.437424089315614051e+00
-7.336691944358295636e-01 1.463827017908206019e+00
1.026165313218901920e+00 2.828989980328672771e-01
1.852644666032677412e+00 -1.004662644510210256e+00
-2.175366980209232359e+00 -1.361311359063149373e+00
-4.973701888442267904e-01 1.019317978796365765e+00
2.530566278419448256e+00 -1.692008677665502336e+00
-8.868749327878896471e-01 1.912749761218777378e+00
3.054937197846936403e+00 8.025012220877018043e-01
-3.548072549903590556e+00 1.423557390170745895e+00
-3.158111441254648710e+00 -1.518396216780371955e+00
3.555747706269758446e-01 5.990544418334329269e-01
-5.683950418168622676e+00 -1.523722012030116923e+00
3.296455943932855792e+00 -1.659878345861389271e+00
-1.864837679535708226e+00 -3.990954658004218780e-01
4.982715678376706814e-01 -1.619020204094758775e+00
5.040264423350911960e-01 1.909986382057268672e+00
2.539680392038178081e+00 2.359846082023183689e-01
-5.396691874779478981e-01 1.203867010188655939e+00
-2.770792271583408350e+00 -1.769152012094838522e+00
3.485875710926528814e+00 1.249561811095624586e+00
-3.632333550190657956e+00 1.279407605272167237e+00
-3.080183418489818581e-01 1.380347624881704593e+00
-9.550279359308169180e-01 9.325591977351943562e-01
-5.996131016243831935e-01 -4.684922333388604199e-01
-7.596879124276044726e-01 -1.199041350031450737e+00
-5.339444210513961953e-02 -6.498598545063645204e-01
3.416476694253001600e+00 1.368614375523107718e+00
-2.565115835253283905e+00 8.357174379878677950e-01
2.264233854313562500e+00 1.495599381436707453e+00
4.259096883674070577e-01 1.190889917490179695e+00
3.309515651203386977e+00 -1.577926139098619451e+00
-5.349437763998349915e+00 7.533000727871396185e-01
9.790990235319951829e-01 -1.460620079276059968e+00
3.570414494453627574e-01 -2.495438810458174353e-02
-3.957232873630115666e+00 1.152722174465115268e+00
-1.532689674754192044e+00 -1.629759350286926478e-01
2.815309677550757339e+00 8.370401489059119127e-02
-3.102144187726929125e+00 1.624280541058150951e-01
1.065896574806219910e+00 4.696356287402250751e-01
-3.874568851062690555e+00 3.454712331100543432e-01
2.306230366122176356e+00 -1.078531244751706614e-01
-3.203476603551219881e+00 -6.176362477566056386e-01
-3.911191417484380484e+00 -2.150114656486707077e+00
1.191953978367701561e+00 1.365415379549384411e+00
-1.589320938344628009e-01 -2.379893796081618884e+00
1.509769039933718471e+00 2.994472391195724184e-02
-1.415673242003258510e-02 7.956500259360451688e-01
-1.186426224595379164e+00 6.787780403998534551e-01
-3.178812235917058082e+00 6.482079577264995285e-01
1.582081738818499894e-01 1.232876969397096234e+00
-2.036152185307161133e+00 5.138958236180872774e-01
-3.884405625917022875e-01 6.585148338297719395e-01
8.593281302756239359e-01 -8.982041786448899945e-01
-1.873913951673735090e+00 2.525221988401895046e-01
1.100001996284335481e+00 1.101706762658656746e+00
1.363194012265617205e+00 -6.439746436858841960e-01
9.528776044482095697e-01 -9.580973599408816321e-01
1.366596092653281413e+00 9.095924034441478234e-01
-1.684373957503817465e+00 -8.277684046833200249e-01
-2.255759216489559904e+00 1.790392109086401951e-01
-6.690777953790264521e-01 -5.657539582162022240e-01
5.237651659301219009e-01 -9.141663702571802830e-01
6.165358339222927198e-01 1.132647959675533667e+00
3.063195989356662707e+00 -2.321851866394167629e+00
-3.601537378602200690e+00 1.104062339784231739e+00
-2.055784716275551816e+00 1.866311351986815525e+00
3.246860888238201071e+00 1.260788565975179409e+00
1.210564222831501224e+00 1.457773529065641505e+00
2.121247584635818306e+00 8.534624964657013813e-01
-3.283890500112580213e+00 7.609655934643034803e-01
-2.420510620621550424e-01 8.844543245383702790e-02
-1.821229547618068434e+00 9.616805864926893932e-01
5.254028145929269256e-01 -1.677377734132789178e-01
8.614179523115679249e-01 1.000042485200225872e+00
2.694526227172632904e+00 7.217222683398237804e-01
-2.246489508407139457e+00 -1.647749092677144978e+00
-1.402686164639930899e+00 -6.843344203205187215e-01
-2.424351684867687706e-01 5.646039618242209013e-01
-2.684636721825020000e+00 5.987502751453528393e-01
-2.883747260152321967e+00 1.219096398569894935e-01
4.120493371275398831e-01 -6.421839936382757186e-01
3.759531630931927104e+00 3.367168552109567892e-01
-6.540250094378690093e-01 -2.063072217143420706e-01
-2.219451657466856354e+00 1.910254641309201196e+00
2.392691767007809389e+00 8.156402830322051489e-01
-3.121047812896411866e+00 4.576090264028257470e-01
3.506367917363818476e-01 1.595808307387522662e+00
2.209791031806987771e+00 2.009168586465902573e-01
1.754485859170225703e+00 4.329983116580709557e-01
1.275281659296607861e+00 7.938414568468436794e-02
1.059167674793945135e+00 9.679081146373558209e-01
-1.309452032726438286e+00 9.764826749807897777e-02
1.292991826735393479e+00 -8.413097883694219403e-01
-3.421950484448250229e+00 -2.055903187624783079e+00
1.426010178712299847e+00 4.162308626258831024e-01
-1.275379471323589531e+00 -2.193737441158938317e+00
4.469777197178838257e+00 -5.072080744786433559e-01
-1.680288411767352774e-01 6.090979296616143568e-01
-2.016394642771052403e+00 3.162255429092302172e-01
-5.342621501949631480e-01 1.323279100866352698e+00
-6.071774638200948537e-01 -2.514037673185781085e-01
3.083664212819130945e+00 -1.307014253047090735e+00
-6.265601658319933653e-01 -3.116780196409991710e-01
1.730888327163539131e+00 1.242061037989684591e+00
-2.520093697871452765e+00 -2.988037242329816962e-02
8.827030500143112635e-01 -1.094268348816867853e+00
-3.406493335090781116e-01 -6.191517885902030338e-01
-2.494058592323673551e+00 -1.017617438820571429e+00
4.691312288251812568e+00 -1.571767944041703169e+00
-8.399914832129888875e-01 -1.310275217126564973e-01
-2.616498604008180795e+00 2.075710937087897057e-01
1.673954228587800852e+00 -2.613841837120056133e-01
-2.821512670685427659e-01 2.306904514090767633e-01
-2.304841856946841627e+00 -1.016645955471914942e+00
-6.706157853099825594e-02 1.845212832973539344e-02
3.565874485420735152e+00 9.587692136631165152e-01
8.363159590718652892e-01 1.442649007464996913e+00
-3.485605963512144800e+00 -2.060732640094576074e-01
-9.486064260772912593e-02 6.866197663122666217e-01
4.224574150314975851e-01 1.569488177071500790e+00
2.007471673432910109e+00 1.197316289337807760e+00
-2.415384699982699779e+00 -1.374061250856241756e+00
-1.886069915390580665e+00 -6.004640385928239343e-02
3.489639116770323568e+00 -1.006147303139172555e+00
-2.139080848082719477e+00 -1.471786950828103124e-01
1.835026642436204947e+00 -6.571249627543481742e-01
-5.045117780659260642e-01 -1.141646508222536216e+00
2.760492786228648576e+00 4.577893295474513291e-01
2.570911117681556890e-02 -3.175149356168520121e-01
-2.212558067662629746e+00 -7.881611929494039548e-02
3.501509657623920191e+00 3.681745784551198053e-01
1.498875364762163098e+00 3.997857151191492320e-01
5.775582026131351743e-01 -1.511192190301993810e+00
5.583198265018620710e+00 2.736748903083046636e-01
-2.256153820423487666e+00 -6.549289587694507864e-01
1.957844469988036407e+00 8.164085532236992071e-01
3.077336807710180366e-01 -6.087786919330417934e-01
-2.702753900300738574e-02 7.186946051824265602e-01
-2.187461366255742501e+00 1.106796687557600051e-01
-3.420598385998023794e+00 9.776531717040598535e-01
-2.841793378190081487e+00 9.521543579954976078e-02
-1.202389383654739907e+00 -4.690109104474919355e-01
-2.809409867144623707e+00 -1.547242462282271358e+00
9.371527136635293687e-01 7.457798060103209004e-01
8.779285304419686131e-01 1.276467375157088080e+00
2.156625123635934393e+00 -4.361839733114924456e-01
-2.141898324205214199e-01 -2.786342160249232203e-01
9.257075148177061896e-01 -2.513986279760193066e-01
-5.998413365415216497e-02 1.719225395520950439e+00
-5.758905980467804442e-01 8.404235348164406094e-01
2.456141672470964821e+00 1.084785789651486754e+00
-8.953851378905141045e-01 8.787484872743281938e-01
-8.490485921010560988e-01 6.960329444604276272e-01
-3.240998077337777339e+00 -1.462925329121042561e-01
3.640288187854307189e+00 6.180380213969411951e-01
-1.020759208724427047e+00 3.832868160290348047e-01
1.773096031464010514e+00 -1.400006442376967808e+00
-2.638415132443178823e+00 3.397180335237389159e-01
-1.383937468759855349e+00 -2.296069558298039770e-01
-9.850518921300187303e-02 -3.147083410144196347e-01
2.409792516138975493e+00 -5.244127609865246731e-01
7.055364772969792142e-01 -3.378863129683066790e-01
-9.663041831308099017e-01 4.429581936478719228e-01
-1.706848171404553582e-01 -1.113003947542174021e+00
-1.744482288104570955e+00 7.423286544948856092e-01
3.815715052890682468e-01 -6.036830747063195446e-01
1.493727642476521122e+00 1.330829269448573937e+00
-7.055273722087852528e-01 2.444063946349772087e-01
1.277214493410066432e+00 -2.742582144488311391e-01
8.793560203919801310e-01 9.776937838118161528e-01
-3.329874838908580825e-01 -1.136817422912039133e+00
1.642992031988368851e+00 6.098886998919773594e-01
3.878929605300664440e-01 5.619745942817441081e-02
1.370559319532597131e+00 3.929809770198404717e-01
-1.091900751220819421e+00 2.060503724197044473e-01
-3.944455457322161518e+00 1.322098869074382455e+00
-1.376830356202967787e+00 2.586875500495941504e-01
-4.749175922071443012e-01 6.372870813323990857e-01
6.611632691025469688e-01 -1.210996954710319429e+00
4.560179141552898052e+00 -1.609740957375940029e+00
-5.688194665439851028e-02 -2.895048293785431603e+00
6.365731126123971295e-01 -2.890279846453169821e-01
-2.282845512219912887e-01 -7.563949127268440042e-01
-2.376167511832979695e+00 -2.518769727203499231e-01
-1.274697132439952529e+00 2.988986841498882940e-01
-2.528508095720324866e-01 1.057672262312179673e-01
1.946302628059762618e+00 6.631463326702763394e-01
-5.132863144113248843e-01 -6.886140753012841287e-02
-2.784835123867882789e+00 -7.198481579856643719e-01
-7.270503904731077105e-01 -5.043237410875537341e-01
1.461884398406366969e+00 2.337336025375690296e-01
-9.697461068960588904e-01 -3.120566027073569393e-02
-2.316234925887912799e-01 -4.187787325202233513e-01
7.285494530901532872e-01 1.139516493677113163e+00
1.713295393225670926e+00 7.418807109736553773e-01
4.984843225093516517e-01 -1.219744026525322544e+00
-1.165976718766037701e+00 -8.259261986645899389e-01
5.344058701405287604e-01 2.204315131511784195e-02
2.553651475479094657e+00 1.261495939045277126e+00
9.034157825443790424e-01 -5.022645667619632937e-01
1.028997998645261536e+00 -4.718040964778376645e-01
2.656388158068589966e+00 -1.320064048957719782e+00
-7.779376530135699852e-01 1.488789214284625073e+00
4.010939655224626144e+00 1.412579683279980625e+00
2.610962380930084592e+00 -1.187358221395069968e+00
-4.681779798475732557e-01 -1.769148450313870191e-01
1.635864315719241402e+00 -9.712290823416505070e-01
-3.231845785719216768e-01 1.445018674489764621e+00
2.402075116007237998e+00 1.318524033088426806e-01
2.441293214523512667e+00 -1.549733300004860093e+00
1.218622818825536580e+00 3.463747826419413811e-02
-5.025296833696409893e-01 -1.035545929446235469e+00
-1.024002111928962178e+00 -3.193213211815155717e-01
-2.287551806535295995e+00 -1.303088898580168742e+00
1.777167276792935569e-01 6.595026494594595778e-01
-1.536322965507924021e+00 -9.838049966915125566e-01
1.811126028562207946e+00 -5.605171655345857484e-01
4.621441506803193100e+00 -1.025501681891707761e+00
-5.136133604572573619e-01 -9.268082235837669935e-02
1.487134209034203902e+00 -4.519306822295032083e-02
2.092807702360577060e-01 -9.669983456668939104e-01
2.931575240007050720e+00 -9.434127724612886845e-02
5.992934839388007973e+00 -8.598849223285486287e-01
2.346634254696626787e+00 7.700986804211309433e-01
3.458066293779420430e+00 5.616505885526658082e-01
3.816314771023615382e+00 -5.342133226312647531e-01
-1.291503634648227372e+00 -5.332653835226758288e-01
-9.227135867001455827e-01 8.712742833607405313e-01
1.159283982429084592e-01 -8.406892571719974949e-01
-3.389009655343258487e+00 1.767559990635992451e+00
-2.917264425617945189e+00 -4.571938994350351337e-01
-6.639322729188323891e-01 -7.014277639001409437e-01
-6.871320130648920221e-01 -1.459818143652873212e+00
-2.711072648986295075e+00 3.307373001482656893e-01
3.816257435854035318e+00 2.521457090026335002e-01
2.805762325664011847e+00 -8.328706888793935281e-01
3.271186838578199918e+00 -3.816820635468687883e-01
1.258306969887546867e+00 -3.213308862181402659e-01
-2.652899680722078379e-01 -7.938456504871637121e-01
-2.334847323359588334e+00 6.624418008420250858e-01
3.013712409848601226e+00 -1.265135450642716153e+00
6.507046623259743479e-01 -1.141980056614680050e+00
-1.974583969135026429e+00 1.043034263304621678e+00
-2.951554091387247891e-01 -1.435170768523501783e+00
-1.495992986441294859e+00 1.875932029139141255e+00
-4.585728974080805487e-01 -2.902995635433750499e-01
2.517835987515486096e+00 -2.417826295187929020e+00
1.802681273940104800e+00 1.552120479909634199e+00
-3.031201850066723935e+00 -1.505367983454601599e-02
-3.600815830991664246e+00 2.368511220067855139e-01
2.435825397301100148e-01 7.260677027555033636e-01
6.271132388078227704e-01 -1.104553491057861603e+00
3.303410498644568372e-01 -1.023109729216321373e+00
8.779145378095929431e-01 1.513421564375466044e+00
2.748713041055359518e+00 -1.568621896349649547e-01
8.372780036023099726e-01 -1.989934836892917280e+00
-1.854081748385837836e+00 -6.455061164555821185e-02
-1.489833707565374754e-01 -1.187450278545102211e+00
-4.845701145383846664e-01 -1.515844629610854755e+00
1.431517193472525040e+00 -7.991665003531241152e-02
-6.175802528888025833e-01 -9.166629373991010965e-01
1.729775157790020002e+00 -1.335934116986551068e+00
-1.391277826060254519e+00 -2.958488520999396965e+00
-6.235045001705390444e-01 -6.048122675570678786e-02
7.938654285768213803e-02 -7.292856065772082008e-01
-9.867876774782878557e-02 5.729151906954050855e-01
2.794535212061660889e+00 -4.305367042160982982e-01
2.349610980690073903e-01 2.419869148010140580e-01
2.484692117242643050e+00 -4.408233295284292308e-01
1.860912642236328463e+00 -2.416948416486228712e-01
1.134736242016456842e+00 -3.052358721693145815e-01
2.058209031047600668e+00 -1.191272938416838428e-01
2.786382381329417957e+00 -6.761768201771569675e-01
-5.286162526535486128e-01 -9.394064153088552138e-02
9.268141625969311681e-01 1.128559059637450346e-01
8.121238212296768566e-01 1.405666414401268494e+00
-8.861635885257125311e-01 2.683635705269519778e-01
1.364912063211527693e+00 1.433236070325781819e+00
2.354893831625418876e+00 -4.448549704245514103e-01
-4.026188588692471426e-01 -2.027861065313520117e-02
-2.217229733912680967e+00 -8.853174379853016029e-01
3.013901648744767847e+00 4.220420921551285010e-01
6.623320226690155854e-01 7.975881093133350141e-01
1.873160316827825689e+00 1.430488075301906026e+00
-6.817219221249860572e-01 5.257267080679761673e-01
-2.389300246737680489e+00 8.595825942988348789e-01
-1.681369785290029173e-01 -4.861863469098448021e-01
6.490152426161177601e-01 1.385310107532599533e+00
1.543403263757625377e+00 5.273485711615929494e-01
1.214788648560667511e-01 -5.331501022983881066e-01
-1.519400895607197488e-01 1.537075039779292718e+00
1.621745844595782859e+00 1.313004608970270937e+00
-1.798522986108042954e+00 -1.048994688818238208e+00
2.451866536560775245e+00 2.978822779012846658e-02
1.922105645959336861e+00 -2.276147615867194218e-01
1.765758600314971893e+00 2.145298768797480882e-01
1.521848661240196243e+00 1.963507308200010404e-01
2.055521245586357626e+00 1.338837747213055041e+00
1.794203796182686772e-01 6.365001013134329311e-01
3.533403878533468934e+00 -1.118323429761451937e+00
-1.777495329931980228e+00 -1.102671815057798543e+00
-1.306816338220221585e+00 4.315913596909972116e-01
1.294530223977782057e+00 -8.607313215352988545e-01
-2.113627616417873334e+00 -7.249497343956895490e-01
1.176111180747755336e+00 -1.105079804450142200e+00
-4.736563640463675284e+00 -2.949863492492011741e+00
6.478741194359650679e-01 -6.002556207839712110e-01
2.041754174881261208e-01 -1.174874022391875661e+00
-1.365034332116862759e+00 7.874783469103767697e-01
-7.449714280450353554e-01 -4.843301115042164540e-01
-2.606042860355431312e+00 -4.608589995854494026e-01
2.014858183535502167e+00 -1.826031975187414780e+00
-1.585035742418966054e+00 2.272624480156129945e+00
1.405672590698985092e+00 -4.557273401174404270e-01
-2.230006288560189454e+00 -8.000491720259106376e-02
-1.284334718863702762e-01 8.579643555207305816e-01
-2.752807303931431804e+00 -7.792701061130272722e-01
4.110540615572605638e+00 1.088739366813917669e-01
-3.025433477432184048e+00 -6.342147291051343228e-01
1.981399858904357547e+00 -2.254703240971900335e+00
1.870645414192543265e-01 -1.273531889873569245e-01
2.785881760425424347e-01 -8.778550188719296266e-01
-1.784326431844823979e+00 3.541525623795585553e-01
1.661541625714030079e+00 -5.152854497749305152e-01
1.660856063598338928e+00 1.402931203752830536e+00
7.016198330963925311e-01 -1.324947364312956122e+00
4.472410270003950750e+00 1.352590020294569984e+00
-3.207271298091086908e+00 4.856397219851637526e-01
-4.496032557109334027e-01 1.799211426548486426e+00
2.257510210898515002e+00 1.666718188904720899e+00
-2.224565608076169543e+00 2.612599250047312749e-01
1.848835813409765161e-01 5.540713136137001005e-01
-1.689141250001131800e+00 2.062694855758575793e-02
-1.010469969656602185e+00 1.525022785804959202e-01
-1.610349858782380850e-01 -6.452648663443341093e-01
2.038072936054928341e+00 -1.245001277588963395e+00
-3.901717025906189296e+00 1.008106011205362584e+00
-9.011966971145159988e-01 -4.632414249330207845e-01
4.308793411036170085e+00 2.742758239629161654e-01
1.172027784421605379e+00 -1.877534842975298879e-01
1.110421876058970581e+00 1.070231542738639519e+00
7.770646196014563412e-02 1.271569915841797682e+00
-2.370474497366344746e+00 1.441921456765467235e+00
2.888808836276278047e+00 -1.428150699590600148e+00
1.587707559792260525e+00 -2.320543651523838957e-01
-1.528799368836136985e+00 5.788978877153082570e-01
-2.648427347400387877e+00 -6.543109025015994007e-01
1.853004455101076586e-01 1.514524040134256344e+00
-2.222031516868975043e+00 4.929419698878479972e-01
-6.780140475617691953e-01 3.754589018378635124e-01
-2.859098123087822074e+00 1.123681309404159778e+00
4.276691490428833120e+00 -1.123012527870679289e+00
-2.101701214002618556e+00 6.634068500344687536e-01
-4.680912200685386493e-01 -4.611262058864661340e-01
-2.830897205553936313e+00 2.973272831568803953e-01
2.256278338895742586e+00 -1.627247216716224187e+00
-2.024556764209004545e+00 -1.755155127522341818e+00
-3.678899272895290451e-02 -1.685891403412403733e+00
7.018763931469149675e-01 1.682442288126421603e+00
1.550848811530819882e+00 -1.021885182386121471e+00
-1.503953948954458442e-01 -1.666236109325395010e+00
3.636299977707689202e+00 3.548958768809686859e-01
3.629486203316638071e-01 7.719942576123743905e-01
-5.942072281146250079e-01 -2.177073567983985047e-01
2.726189560401028444e+00 1.257118002865157846e+00
-8.913207995952237006e-01 -5.484950793757532583e-01
-1.335693774227523445e+00 1.340179405231741283e+00
-3.058891246220413862e+00 -1.162072062423410213e+00
4.604024997277109676e-01 2.818941096922568335e+00
-3.545972195961802242e+00 -1.372326814716006815e+00
1.199336029534584736e+00 3.106489794431668838e-01
5.396696286308013679e-01 -1.651094643266262652e-01
1.127642861466731983e+00 2.091629950239590752e+00
-3.784140615882484404e+00 4.617377106573397616e-01
-3.846664278815817184e+00 -5.009304436214230272e-01
7.416796650849200034e-01 8.900082628407246510e-01
-4.599354346051429815e-02 1.284027652263459995e-01
1.450156365837925287e+00 2.945161245834650859e-02
1.104697551002687739e+00 8.160213349339562328e-01
-5.178977018749008066e-01 -1.072617713266125622e-01
1.031875486236651929e+00 -7.000001214779923986e-01
2.346941292036981874e+00 -7.732123828668232557e-01
4.058265160524111570e-01 -1.527248324263293378e-01
2.258405212495116388e+00 -2.767677592853481361e+00
2.114479424611535041e+00 -2.007219451123551657e-01
1.086021767075199262e+00 1.471285981849867142e+00
7.277120915080647068e-01 -1.517074060973099714e+00
2.334422546107040919e+00 7.742529632990282629e-01
2.171149552097887625e+00 1.451255580692127678e+00
4.104724279651619789e-01 8.087540144220766170e-01
2.638954223303783042e+00 -5.797963105395316230e-01
-3.574455062608303368e+00 -1.998880977873355613e+00
-2.354870091317049496e-01 2.571505950328049073e-01
-5.465616949326903562e-01 -2.474108648760182660e-01
-4.297992762333957550e+00 -6.322787541521927013e-01
1.733165691705000899e+00 1.468806592941525491e+00
-2.200186667289854903e+00 3.290775754569663647e-01
3.116194825755740361e-01 -3.526982084483863689e-02
-1.639507074952929688e+00 -1.434470759991114397e+00
1.663249112419402875e+00 -1.863404621127693339e-01
6.044808727473548471e-01 -1.034619618117399886e+00
-1.893819828664767835e-01 -1.980969834957754250e-01
9.661038208861401078e-01 -1.231413356640665091e+00
6.926714680998306006e-01 -2.971031964952995930e-01
1.938978395920859299e+00 -5.789667808035018348e-01
-4.552565073637895865e-01 -1.117458132500257911e-01
2.289330644986527385e+00 1.022823522972827526e+00
3.657911603805009904e+00 1.449071864480558081e-01
-9.352228189325179075e-01 -6.416433108612196179e-01
-3.810375586779569446e+00 8.004756166908296722e-01
-8.454833062303390712e-01 -7.483738409128897207e-01
-1.015161495249506718e+00 1.482078805447283765e+00
-2.998436097971892700e+00 -1.813106663208306157e+00
-3.555899208707208548e+00 -7.949148500341032264e-01
-1.020784223643500743e+00 1.690535331995025869e-01
-3.068729939158261200e+00 2.273915730448541783e+00
-2.180008702041082991e+00 -1.491073086409298309e-01
4.565781555875152442e-01 3.335569489700704882e-01
1.829254501952621625e+00 8.107960509072449640e-02
9.768385172986748799e-01 -5.902073245241488270e-02
5.302494674280577858e-01 -1.244270594644384609e+00
5.814358171224418559e-01 -1.726696693355457279e+00
6.296502726384620718e-01 9.928712036976790056e-01
-1.080934044345941869e+00 -2.821970296974608550e-01
3.030330770302396726e+00 -1.988394153827083732e+00
-7.099726778904582591e-01 1.105248332099057818e+00
2.108207543714065935e+00 -2.406127283987013143e+00
-1.181338491045626826e+00 -5.933134938155932847e-01
-1.097947393601863553e+00 2.524057123369070621e-01
-3.255253073343310710e+00 3.714900888380270882e-01
1.499768770352986946e+00 -9.702854871668495362e-02
-3.357952983327477714e+00 1.463610136270368622e+00
2.347708674361011827e+00 8.879000851597687594e-02
-1.933400750559563175e+00 -3.697478802057631020e-01
-1.312064020372844864e+00 4.722615408003550952e-01
-5.753394501801825101e-01 -1.029421854944910564e+00
7.957124971875477737e-01 -5.756252581147450753e-01
-1.961023503218632724e+00 7.791572468262754070e-01
2.828538597777421337e+00 -1.462126389525390535e-01
1.449239459522953632e+00 -4.934170594555941092e-01
-3.809654495772381910e+00 -5.978642376648218848e-01
3.522421202182272282e+00 3.222347956984074058e-01
-5.396326690179278351e-01 1.294650366419214660e-01
6.132251434317471939e-02 -1.074284617713134216e+00
-1.632430531273606711e+00 2.008149172924856618e+00
-3.876521068473826603e-01 -2.932885785002620760e-01
1.272750703243929360e+00 1.292111778378785270e-01
1.882226919984700597e+00 1.195019904189711379e+00
-9.847980635480502176e-01 1.866950059917530158e+00
-2.630742704988664471e+00 -6.280863120400844712e-01
-3.473643334379835412e+00 2.574342206026931645e-01
1.142563723868021075e+00 1.385749778491206952e+00
-1.559221586379353708e+00 1.004881055008097990e+00
-3.612571555209444174e+00 2.504045753399086305e+00
-1.294764881827042746e+00 -6.812119453391167756e-01
-7.493144842751066070e-01 -6.841040487160312544e-01
-1.769160795106771600e+00 1.630508955105521629e+00
1.480045863046201005e+00 -1.579967756905499565e-02
4.624781633380862234e-01 -5.451733608929632685e-02
9.309839879428460918e-01 6.082331646363485778e-01
-1.665021312643849116e+00 -8.408153047087892906e-01
-2.420179902628441848e+00 -1.006177069583102268e+00
9.973329403816336702e-01 -5.942648929265235136e-01
-1.073615126638978623e+00 3.650687307331670320e-04
-2.418856991539849233e+00 -7.975067805943000243e-01
-4.029573709708361484e+00 5.077872856944843916e-01
1.255649592904079404e+00 7.524102565855383951e-01
-1.931205786674843883e-01 2.054376736697908434e+00
-1.358792402773022268e+00 -1.235830074968762293e+00
4.292834828436905004e-01 7.913623070199442555e-01
1.712126671984736559e+00 1.046657571873962578e+00
6.955383290451766509e-01 -6.109109663532586998e-01
1.672210096579848926e-01 1.093294097814467430e-01
-1.993190031750039060e+00 -1.032359870055217455e+00
2.132669530985759287e+00 6.671234359137291348e-01
-1.057667871890927008e-01 -1.576421452002924051e+00
5.938575895449150766e-01 1.398859286176050931e+00
-2.268242510844231674e+00 -6.132599733862476032e-01
-2.270912488635690174e+00 -1.679166950524854984e+00
3.937550313834887294e+00 2.380668619276802289e+00
-4.938231155468416622e-01 -8.325352325085035865e-01
1.023175334541708281e+00 -5.938782645093492185e-01
-1.783797571013440386e+00 -5.671801553708566423e-01
1.405164111141250227e-01 -1.849683628139760228e-01
-1.431965871251740241e+00 1.403773991153710377e+00
-3.041499503115136616e+00 -1.933717508781383210e-01
2.701984167672208947e+00 -2.209746247086479543e-01
-2.216820203833549829e+00 -2.214552169795484526e-01
-2.574892337114293106e+00 1.868400639740973590e+00
1.584094987665233267e+00 1.416035880569066485e+00
-4.008112780790400009e+00 1.322393499137554385e-01
-4.684906118504456596e-01 2.043350054997014720e+00
-1.282146108093051629e+00 1.782179759359272309e+00
5.111670423764389071e+00 2.742276093746681132e-01
-1.514170524757384229e+00 -5.852056774113326698e-01
1.255874595929724613e+00 2.993750762404265853e-01
-1.111591751030060582e+00 5.902148020483407587e-01
5.654897892809246374e-01 8.215932901837558200e-01
-1.434895258029365683e+00 9.558894965509380226e-01
3.365119321627514926e-01 -6.935700450938174777e-01
-1.035260614569612631e-01 8.519465867511700763e-01
9.226520022816540045e-01 1.832133805442234920e+00
3.256675446544150976e+00 2.284550969951744115e+00
4.469019472452366859e-01 4.207019497335570124e-01
6.477064338408072830e-01 8.619595447475127958e-01
-2.040127929892620262e+00 3.380423388695212306e-01
-2.407041582568592464e+00 -6.368256711418524008e-01
2.762102445212756496e+00 -5.313601512500486755e-03
1.519393605726543806e+00 -1.398023925281563162e+00
-1.889306963004304007e+00 -3.961278341835059447e-01
-1.841847487118752014e+00 1.719422974029541640e-01
3.278906516063254117e-01 4.351707032008874654e-01
-1.020450705090335752e+00 -7.470149253642702769e-01
2.510358346380892947e+00 1.000732974665404340e+00
-2.964575880612010939e-01 9.604995070137777313e-01
-8.989047595032730875e-01 -2.662015794734610141e-01
2.186555321215851500e+00 -1.075680116497788885e-01
2.697442776655729180e+00 -6.812809027522823691e-01
-2.225361548520549348e+00 9.430517757378096277e-01
1.126130396122043242e+00 9.040850820666842536e-01
-4.209739985486776526e+00 -8.223678643828015167e-01
-1.176026197081189606e+00 -1.067696026591471004e+00
-1.829378032828762102e+00 2.365747682722536549e+00
-2.354106754707406157e+00 4.619834810863689967e-01
1.147782190296849913e+00 -1.200438772307572899e+00
6.629917477824471828e-01 3.306831998687638219e-01
3.679611900545633141e+00 8.019143709819100962e-01
-1.714476556823293141e+00 -2.805109058384698262e-01
2.192982230857127401e+00 -8.269048914115311177e-01
1.225583233190567389e+00 -9.104085295937086597e-01
3.565660970887313930e+00 -2.383545330056068057e+00
-2.017133250755838159e+00 7.573400640775830306e-01
-8.615552473057019878e-01 -1.601579088506354109e+00
-1.359332343573571134e+00 6.800007327327902695e-01
-1.613336951767888161e+00 3.616203882967873873e-01
2.034794499496114462e+00 2.481803073084353981e-02
-2.094293248934946838e+00 -5.048084058214722530e-02
-1.038333666425510504e+00 2.350930218089076484e-01
1.138791017493909319e+00 4.052881371571326330e-01
2.460486915232481753e+00 -1.068579096365959602e+00
-2.057051804846415255e+00 1.246199421738265034e+00
-6.739026243373887892e-01 6.532459544984484667e-01
-9.976758159397518533e-01 -2.628738877585091172e-01
1.099344654804430776e+00 2.915843798130066666e-01
-2.197997461025138044e+00 -3.450274022434819399e-01
-1.931137791433686690e+00 7.095637413612748690e-02
2.461966736981225090e-01 -2.683985944494879927e-01
3.073728844734315291e-01 4.373321297322033674e-01
-5.635581977339073623e-01 -5.723824379279637276e-01
-1.648715403513840494e+00 1.442865800072856974e-01
-1.871608346635619924e+00 -1.087759841091901158e+00
6.326280011216284471e+00 8.511608507703704030e-01
1.213751829074880773e+00 4.973806792389567910e-01
2.502034653369784145e+00 1.970790046798734485e+00
-1.332115373410360348e+00 -4.041876661387204805e-01
-2.117735856955651030e+00 9.025395560834877928e-01
3.388131386542764911e+00 -9.723657631568859427e-01
1.117895242572943149e+00 -8.819091882295858609e-01
-4.081808364363348041e+00 -1.598555528204874954e-01
2.353551955499305404e+00 -8.147296788425050229e-01
-1.487506611217547681e+00 -1.293844003870820714e-01
-9.766500963746584940e-01 1.238907453707166484e+00
-3.624377088756164156e+00 -8.031414110292681707e-01
-2.000190939924338718e+00 -7.989408912559353704e-01
8.637501045770666908e-01 -1.485482394773175452e+00
-4.014950254384158645e-01 -2.928351220896669993e-01
-9.536514709184339134e-02 1.615494845338882435e+00
8.542705354061275180e-01 -2.217733586576041915e+00
-1.244627127768236807e+00 -4.201785188732626297e-01
1.053283938078761972e+00 1.309799218472986082e+00
-2.953304696694742049e+00 7.675131004315683958e-01
-1.544696947077630333e-01 -2.283063155267093802e-01
5.388510290169833405e-01 -5.349918587874703535e-01
4.361483327828375445e-01 1.726710188730234963e-01
9.510164077953315864e-01 1.539991671140886753e-01
-1.404004846617165347e-01 -7.139593526377052690e-01
-2.633371219336318458e-01 -1.117575948913850370e-01
-1.293756666035812630e+00 -2.133118440096944290e+00
3.660583169597758868e+00 -1.432382872235987425e-01
-6.727704660845350570e-01 1.323065952214001362e+00
-3.415226481677613446e-01 1.606808867272969898e+00
-4.627591305896168739e-01 -1.001930096124007186e+00
2.142839060287925701e+00 3.631984633848802102e-01
-1.153061053338862108e+00 -3.365756877619517917e-01
-7.983722726796235181e-01 2.017244868442716221e+00
2.890907918894546125e+00 3.250655498130437526e-01
1.932608570642865564e-01 -4.929387950799228590e-02
6.072931127072095370e-01 -1.778525610789719824e+00
-7.831161789146382501e-01 1.320914197917322230e+00
3.185995998014740760e+00 -5.797340179943740734e-01
-7.120114730141510750e-02 1.067240670469547625e+00
7.098838038747151691e-01 -6.206757234634290715e-02
7.108953773401069376e-02 -3.523084570903805002e-01
-9.361523265774530644e-01 1.895876479700404071e-01
-6.645146661836272006e-01 4.255543411375018459e-01
-1.737903231604609244e+00 -8.896871801894056242e-01
-6.459477760849238193e-01 3.859429010283805805e-01
-1.367608573875455313e+00 -1.304662218478022551e+00
2.158559340233038526e+00 1.646421424940283540e+00
5.256267534211996661e+00 4.288987516718652526e-01
7.860571003238451260e-01 -3.008093399229850862e-01
-1.816167734407062806e+00 -9.404882318912455297e-01
-3.438396381275119040e+00 -5.365293786769815831e-01
2.397316846357150144e+00 -7.188487105274796729e-01
3.208786436672196096e+00 -1.237671339568881645e+00
1.054810937147107053e+00 2.051339361728554245e+00
2.383527358113697037e-01 2.766239062261647841e-01
6.732157604365417436e-01 4.224603590578632217e-01
2.503676098884560997e+00 -3.248541958094437465e-01
2.751856129062210332e+00 1.893822278689927252e-01
1.541554588259517633e+00 -1.329692450655189373e-01
-6.088484889323698690e-01 -3.791894307914151288e-03
-1.284047425935368469e+00 2.352336603426079975e+00
-1.340456641395210813e+00 -5.971827544576884250e-01
-1.646643984330606880e+00 2.994806855759853281e+00
-2.548679178945978396e+00 -1.134843892498282214e+00
-9.095335216256584809e-01 -3.294429986141300115e-01
1.699305626437643602e+00 -1.684490679023231907e+00
-4.029802768275264846e+00 1.422025837584871832e-01
3.024623599789552753e+00 -8.128414065003471967e-01
-1.799627991942108485e-01 5.568456925973598315e-01
-3.744893564081303583e-01 1.879297124638381611e-01
-5.329867203028234579e-01 8.242279152003437748e-01
7.152172271120624814e-01 1.888023854337283480e-01
-2.074405470459709022e+00 1.129089670920313759e+00
-2.931417299233158302e-01 3.118027018648098503e-01
-9.430612316663251615e-01 -1.375552142745325446e+00
-3.595418707664017610e-01 -1.628889117012784216e-01
7.502778392560570664e-01 -1.112802362882995277e-01
4.049439173387914814e-01 4.390662793052987345e-01
-2.282060777229193427e+00 -2.447698338605910906e-01
-3.871894070423151479e+00 2.011245605398172820e-01
-1.038856965882736016e+00 -7.067700229422267943e-01
3.078947780472650608e-01 -3.182570610740957928e-01
-4.727831064784687065e+00 -1.516519985485069721e+00
-2.934579399066952754e-01 -4.521779013256528590e-02
4.448645900001090503e+00 -6.428524580769209851e-02
4.434581329277103023e-01 -1.537568390622999326e+00
2.749051326714922805e+00 -1.100966173266090253e+00
-9.322569033444705333e-01 8.277940200756167544e-01
-2.478269814877011035e-01 -3.361418993507841457e-01
3.589855651589129448e-01 3.304878777799483136e-01
7.972576774816091394e-01 -8.108702291159539666e-01
-3.603684774310700889e-01 1.778766651877470517e+00
-1.003358273082431751e+00 -6.519380014083198116e-01
-3.856963560768516874e+00 -1.170034540333066087e+00
5.365364542133496117e-01 1.091978015174555505e+00
3.145605899982500286e+00 -1.168238734693369141e+00
-1.976632826858690239e-01 1.961351873985056615e+00
2.593943026970297439e+00 1.811853992284809589e+00
6.975699171296089185e-01 9.609635666513376417e-01
3.303576373296410185e-02 4.505562634260550370e-01
3.732966833739494561e+00 -7.132027461212835373e-01
-7.201013411325704050e-01 2.139666156544699493e-01
3.543444641978028997e+00 -1.157308083739064575e+00
3.582246813387818474e+00 -1.004198949584895972e+00
-1.371778771296437549e+00 -2.300296710427897351e-01
3.856036308265988199e-01 4.118689295542520695e-02
1.193789133039120098e-01 1.758730497083126898e-01
1.630029611847691795e+00 1.564366832845277555e+00
2.215247980837013575e+00 -7.034858642072261414e-01
-1.914793529200370159e+00 1.228188904293764816e+00
7.328849819287110989e+00 1.190006006712542197e+00
-2.649667012390989562e+00 5.639258908539185322e-01
3.149685141961088841e-01 8.948923811835668429e-01
3.755590449398050756e-01 -7.297630384893022404e-01
-1.373149445460989382e+00 -2.096282092230482008e-01
4.953874105122372806e-01 -5.356708987903203711e-01
-1.467439832267246835e+00 3.874729374141031579e-01
7.994483260310496220e-02 1.241576158159593589e-03
-2.769597248903462816e+00 -5.112176246339086294e-01
6.081094095823031953e-01 2.616131065716621240e+00
-5.361138380899784645e-02 -3.722185323922340139e-01
2.402528692775256047e+00 1.383548336529390799e+00
-1.227538046621819090e+00 1.764121214443681307e-01
-1.414762565633200131e+00 1.181594714669848833e-01
1.630760686665171155e+00 1.111035272425646925e+00
-1.512920132897123793e+00 -1.278066666392346562e+00
4.445979780139460047e+00 9.198880815306235137e-01
-9.257089679639466384e-01 1.531982891078502940e+00
-1.148136427982964003e+00 -1.708771441495491317e-01
-1.125515993210915999e+00 1.528778022144738902e+00
3.636846175901792488e+00 -1.076559079091418819e-01
-3.695655378289208315e+00 -1.222078192724673329e+00
1.596366768444568152e+00 2.313834604050859015e-02
1.898097968318777529e+00 3.762808832296511419e-01
-1.145220539340495280e+00 -6.954773834733273263e-01
3.534398402486489843e+00 -3.770767385604696376e-01
-3.129397610236875682e+00 -6.460884279600139779e-01
-4.118014710680563129e-01 4.149147743106239572e-01
-2.082685616167150311e+00 -5.965813420983341331e-01
-3.465009480901763528e+00 1.241756809887086366e+00
2.123751921068788295e+00 1.179804492171121266e+00
-1.093711085470804312e+00 8.542004588017931832e-01
-4.671922481944618788e+00 -7.386674452382155920e-01
-2.261364973242939502e+00 -5.580542152551851709e-01
-4.239877453401261209e-01 -1.422772062088043521e+00
-1.734714157490316322e-01 1.933851454435329131e-01
1.330036466034072218e+00 6.680654639331371492e-01
2.002985065104994522e+00 -1.127877255400975276e+00
-1.754963333236347234e+00 -1.123862734793166229e+00
8.340244411495972843e-01 5.359834736341225758e-01
4.326726117849793773e+00 -8.496808700664587599e-01
-1.772480398470570151e+00 -3.754989681605777618e-01
-6.185490221825771240e-01 1.102380556042449999e+00
-2.363188111144073567e+00 -1.932893505227951891e+00
1.052117940666080109e+00 -1.441645809390683097e-01
2.103353999408304809e+00 9.451604957808493745e-01
2.623794546278389039e-01 3.187151405562491102e-01
-8.365017077567284964e-01 7.308580382179888923e-01
-1.719445184547551131e+00 -2.060281025829261647e+00
-3.231441161226944914e+00 9.731901467895783808e-01
2.474104119534047630e+00 -3.524436504903449285e-01
1.774953437204507045e+00 8.145943364953788235e-01
6.056977100879916698e-01 -1.244595325067291869e+00
1.154514136338706587e+00 2.310378443042263308e-01
5.138401671245665936e-01 6.978392672472962799e-01
3.131023684154375708e+00 -7.434924513534758583e-01
9.680373141804494708e-01 -5.660825100314942349e-01
1.425324510780179854e-01 1.712629515072276343e+00
2.179679402469528515e+00 -6.785929861635224825e-01
-2.342847426735003236e+00 2.089457726770091728e-01
-8.580625627021893909e-01 1.901544092791748408e+00
6.855924129001393919e-01 -4.809813285437494756e-01
-2.665233467911742871e-01 -1.196029604134273283e+00
-1.286309540736058632e-01 4.337064787864904070e-02
4.595876528572443998e-01 1.057576767485341795e+00
-7.564942513116061917e-01 -3.155268369706871745e-01
-1.276099502512661354e+00 6.110382877911855193e-01
3.531075634806333241e+00 -4.634774264034043356e-01
9.012855467997036296e-01 1.251556039359884798e+00
7.462098739129843228e-01 6.554316223538643182e-01
-1.594636512200677148e+00 -1.598725987957634320e+00
7.168512600219968389e-01 2.186806389371302561e+00
1.963342433123788533e+00 -1.098201057737337782e+00
-6.079258166330421265e-01 1.181416367814161150e+00
1.314078465574913639e-02 1.176370269220921472e+00
2.218563471630489392e+00 5.617547426496535268e-01
-2.426287945105960908e+00 -5.917839766401912227e-01
6.232018052928129936e-01 -8.612930211062416186e-01
2.071776897320278810e+00 -3.143630438839316310e-02
2.686397185972020374e+00 -9.078813682775307425e-01
2.188362587401298409e+00 9.869182108550886290e-02
-4.374526657210569880e+00 1.503144927793136076e-01
3.441692906021500131e-01 -1.693789417586202717e+00
2.566208875666518452e+00 -2.342753085242918476e-01
1.162362930532705896e+00 -1.169779603199405660e+00
3.933495597614993476e-03 -5.386950662530460843e-01
-7.207141650653807741e-01 -1.091767316612015426e+00
1.373598166616470384e-01 -7.161207090588224133e-01
-1.572586543818812910e+00 7.652736808479557173e-02
8.654881295186025447e-01 -1.545382760537444611e+00
1.863961126132539059e+00 1.133047517691333272e+00
7.069547412314379775e-01 -1.132263859327467953e-01
-1.944801348634987770e+00 -1.078205663728236008e+00
3.310478330609233577e+00 4.784289203496777665e-01
1.910868064214763962e+00 1.327085791144559490e+00
-7.713011214934352155e-01 1.496687066149505529e+00
3.823809373947264501e+00 1.632650968632892940e+00
-9.487938565701456994e-01 4.651263892627509611e-01
-1.230624743467581217e+00 6.093665956872658107e-01
3.928055806932650995e+00 -1.019002623833179078e+00
1.364958143910359745e+00 3.467861806222396343e-02
2.116689863292116058e+00 -1.327097900063662239e+00
1.584074734210730862e+00 -9.485051064745299021e-01
1.425347967514249969e+00 4.551552375631703340e-01
1.160747138276697205e-01 5.507946693929195447e-01
-2.050367358015082075e+00 -4.430911046110837526e-01
-5.888376173915698120e-01 3.779394698620135995e-01
-1.416727985745863672e-01 -7.518863340469792433e-01
1.180385135909617578e+00 2.043687954056854661e+00
-3.157572110460841408e+00 1.161604440822793682e+00
1.435995517223902507e+00 3.563870680194322071e-01
-2.819602142309720061e-01 -7.159659101835278427e-01
1.802692206131050856e+00 -1.083791387702823350e+00
1.687788173839909867e+00 1.724618505839280003e+00
1.581413884609725873e+00 2.825584592921198901e+00
-2.636892376917681524e+00 1.247788519375759297e-01
2.496968595214660080e+00 -1.813149912296941002e+00
-3.983957588576319875e+00 -7.440732342914370134e-01
-2.220637108690007633e+00 7.487264523280674489e-01
-4.240845788262017635e+00 -8.368779091857978525e-01
-1.041029293959088720e-01 2.194565887572694329e+00
1.030501990601043527e+00 -4.102100130088824903e-01
-1.985007248064561525e+00 1.656651781899487474e-01
-1.244160438806616864e-01 1.199908428562310503e+00
-3.839832248617416788e+00 -1.424328906484528590e+00
1.813305622148101648e+00 -3.929464299211269385e-01
-1.118963532643870940e+00 7.094056329497770985e-01
1.733623808202292560e+00 5.170255364204445585e-03
-1.337973695167450350e+00 1.693636350395917936e-02
-1.165381094073889345e+00 3.360957888152488193e-01
1.000216703249358352e-01 -1.483725876604961025e-01
-2.423884970229978286e+00 1.217180605825525896e+00
1.817380592064548495e+00 -1.483381782497867230e+00
1.424185695152356157e+00 6.907462067124866545e-01
4.130045382869728665e-01 1.339642073380153398e-01
1.078898175475948573e+00 1.625716909514146824e+00
-2.631028112333758884e+00 -5.628414883643417799e-01
-1.358662376577592368e-01 -1.688587505929427302e+00
2.895771567042539907e+00 -3.521729068171539634e-01
-2.136416447538802554e+00 -7.236761793725542402e-01
2.472158376382631140e+00 8.785122822081390392e-01
1.022588633836045563e-01 5.944039530857624792e-02
1.355570352516285215e+00 -1.235540145457455274e+00
8.464869503331505785e-01 1.130692384585465948e+00
-2.538652910464396228e+00 2.048356387981491888e+00
-2.825168545979990675e+00 -1.338718121322038712e+00
-5.251057718952233389e-01 -1.520080210767164486e+00
-2.121522000009082198e+00 5.363852986243087401e-02
5.389361112538976206e-01 -6.553661690472578627e-01
