-7.475357265711842780e-01 -7.482046694011051935e-02
1.183561468521070692e+00 5.351197422007714088e-01
4.635296236271469472e-01 3.852467630460919557e-01
1.905189953417000703e+00 9.586891169341877905e-01
-5.631943062257994681e-01 -3.296641227180211464e-01
2.250009920886955062e+00 8.825091144178798253e-01
8.503952818524769253e-01 3.213556094322617129e-01
-5.132105163651755619e-01 2.794658598549016326e-01
7.887759461128671656e-01 -3.696391870104606125e-01
-1.638440051806452580e+00 -1.740604090967035278e+00
-8.135432405479940954e-01 7.160145668912332173e-02
1.010934089375957079e+00 9.419780623146356557e-01
6.212723991312090188e-01 3.071624764792294515e-01
-1.158948806773276718e+00 -3.503999396597565763e-01
-2.039241090009172641e+00 -1.058772917667916369e+00
-3.997602849599233843e-01 4.302430834824350070e-02
-7.750941420485867317e-01 -4.707638568690051817e-01
-1.552088740171052361e+00 -1.878124748627356677e-01
-1.225693842258320121e+00 -1.159733468342776908e+00
-3.857578870466058518e-01 -1.994054725244007176e-02
3.398385209948812102e-02 9.364488138665039152e-01
-6.293160410999596444e-01 -4.854986019268359154e-02
-2.024867838765638528e-01 -6.194089960310857901e-01
-1.923455295897998019e+00 -6.871575098217770350e-01
4.357503730807334996e+00 1.702608673152966379e+00
1.374405308378513269e+00 7.490869677779153912e-01
1.464491792484160726e+00 5.703561935454426468e-01
4.382392818748542140e+00 1.681480972580443600e+00
-3.699105868065017400e-01 -4.118809368500533363e-01
-1.109088100572703794e+00 -2.417675608285202171e-01
-3.582002264208800302e+00 -2.587211028724937911e+00
1.990819003620484029e+00 1.058743320793041676e+00
1.471949539822972275e+00 8.911315766185100573e-01
-2.150292650039943965e+00 -5.185958674880430941e-01
-1.525124060777281576e+00 -6.447526067867874744e-01
8.179161105845374202e-02 -1.457399381218403012e-01
-2.147064117091525670e+00 -1.503087722052967035e+00
-1.056800939329837874e+00 -6.149995726881105629e-01
-1.169948505264455596e+00 -8.555766737895292851e-01
1.878326079001474413e+00 1.431579977130372550e+00
-2.600208388202472354e-01 3.624535570292307662e-01
8.270050445392878036e-01 7.522293733346427924e-01
-2.382160438979694206e+00 -1.276075796779345684e+00
2.079366145733620164e-01 -2.352019276172648277e-02
4.968624112795843928e+00 2.580644523368684773e+00
-6.229792062591388291e-01 -8.494076921349946740e-01
-1.344834429273596088e+00 -1.365218021959097250e+00
9.456219146108725271e-01 3.281299554632557958e-01
-2.778255910745293100e+00 -1.625230324531060200e+00
-1.773131806519859244e-01 -2.420673172865250578e-01
8.678237783926369131e-01 9.500873519484369645e-01
3.962501263954861574e+00 2.179586432291942266e+00
3.361247184383828746e-01 5.132594590038186411e-01
9.107040645344103291e-01 1.281520152099661913e-01
-2.340043902798920161e+00 -5.676844680105821439e-01
-2.920517767245980778e+00 -1.203445356323644688e+00
-1.653021481800684533e+00 -7.156116962025711459e-01
1.158860200232498361e+00 3.284901085247236563e-01
7.961087214167406056e-01 3.327388195473623966e-03
-1.631673278617938205e+00 -1.000565873789144522e+00
-2.561602157747265185e+00 -1.103551576070955553e+00
-1.572005748443089934e-01 -4.339936919139146254e-01
1.718915299716351930e+00 7.715713660315799416e-01
2.483987644746576962e+00 1.036912592917402787e+00
9.959957711110680734e-01 1.112806411791728678e+00
1.894521891406045988e+00 -1.257995242370608668e-01
-5.948047988524027829e-01 -5.855870406773715509e-01
-1.767393711166057146e+00 -2.554747568927039358e-01
3.059180732403527614e+00 1.579234070940971790e+00
8.950098780727940850e-01 6.591985876109809350e-01
2.152761715220454342e+00 1.617675568884209270e-01
1.424277539055813335e+00 7.847425030179631111e-01
-3.415892238151987836e+00 -1.642992293983302821e+00
-2.850172786458503360e+00 -1.062337153981915749e+00
-5.389463743340629220e-02 1.163414271333913508e-01
5.352020553532343961e-01 -1.764413502606107798e-01
3.482619084067546389e+00 1.735251836287181160e+00
-3.368663750599243834e+00 -1.952479525626765300e+00
-2.460143064722247197e-01 -8.173412378129470968e-01
-1.095940796501460868e-01 -1.470935758629644541e-01
-6.517610296531159975e-01 3.412703898414232717e-01
-1.263971894630342652e+00 -1.522422687907366567e+00
-2.969019065832715840e-02 -1.454423118179852363e-02
-1.025791354769860775e-01 1.696531371861987048e-01
1.223983318548582222e+00 1.274614423660091367e+00
-1.237115928993291203e-01 7.274579850640576772e-01
-1.054007825977640200e+00 -8.803389011128777142e-01
5.529968670639062722e-01 6.854938476319263341e-01
-4.135150704798940424e+00 -2.146526677204870115e+00
-1.599810825826414984e+00 -6.196544451457672853e-01
-4.044111211483464308e-02 6.217095178223662755e-01
-2.188735074898291888e+00 -1.139735989987079812e+00
2.471345465706222377e+00 6.763214839887983221e-01
-8.347943989041752832e-01 -3.998091329834220775e-01
1.163993735128594054e+00 -2.062059192008086628e-02
4.077994302270428584e+00 2.182096228076122912e+00
3.220955467759516466e-01 2.465034168013909011e-02
-7.427306197553223965e-02 9.137023110383066804e-01
3.110629096031217955e+00 7.056606964734331022e-01
-2.037821461672987500e+00 -8.405540439224521432e-01
3.596281457716417052e-01 2.833904134537675867e-01
2.777831751316933051e+00 8.050325619908991204e-01
1.003361041639265538e+00 1.608833463549250720e-01
-2.948156952384391349e+00 -1.200928385287913347e+00
9.715970653434577442e-02 2.804523219733670025e-01
-2.645193968287160136e+00 -1.169342827815659902e+00
3.592616167428397400e-01 9.785514876053671984e-02
3.146482024872778283e+00 1.367418885780344873e+00
-4.403152348110533354e-01 -8.124019750640940063e-02
-2.641731164936307774e+00 -1.582208632244704205e+00
-4.734750652956074113e+00 -1.813762379942891911e+00
-4.149816919677534188e-01 -5.157820974127373947e-01
-2.756393148470697163e-01 -3.756341552492378222e-01
2.446477107376348492e+00 2.380681084201284214e+00
8.798070442107050471e-02 1.464336544458176292e-01
6.996944795056676547e-01 6.131360055264634124e-02
-3.525850884314991607e+00 -1.955090313328685214e+00
-5.714796263782224717e-01 -3.468869272973043039e-01
2.528176256946555789e+00 1.127095454005654140e+00
4.113895307684699354e+00 1.720712116462975283e+00
7.720260809528892709e-01 4.126919842074906475e-01
-8.881301827932037707e-01 -5.887305740080462924e-01
4.631661926946817331e-01 4.326747462131484423e-01
-1.058469473828902441e+00 -2.028626268209695049e-01
-4.002332417114609520e+00 -1.897106644956728649e+00
-1.070808348253164954e+00 -8.661516790340439975e-01
1.898906588621461777e+00 1.011848202460245316e+00
-3.751051460241418667e+00 -1.634932141110269743e+00
-3.851704656479824518e+00 -2.091707488884017252e+00
2.755689367508620258e+00 1.505198922597176248e+00
-1.751961563836065827e-01 -2.433169756316494459e-01
-1.856438258089304627e-01 -1.866927568787736247e-01
-3.614746647334761587e+00 -1.822951503997207956e+00
-7.403881097317528415e-01 1.531327314580332999e-03
2.192820420991777208e+00 9.794050537564543690e-01
2.536218863931004597e-01 -7.272647417060613684e-01
1.703705548904444589e+00 9.807626440235790444e-01
3.506194846429445455e+00 2.691655430069749055e+00
2.271889544977995445e+00 1.039145771276704711e+00
1.452733062602892478e+00 2.904551249368535482e-01
-1.854276658020943991e+00 -8.858600005227839080e-01
-1.188819086360935362e+00 9.396099680043717983e-02
8.111082634727680984e-01 3.158807982079925303e-01
1.142995799988534955e+00 1.406878253118112543e+00
-2.360739836270624892e+00 -1.370915679235529927e+00
-3.462182108136011571e+00 -1.662635665641983396e+00
4.607044948328332667e-01 1.771734986826326574e-01
-8.700090601004728530e-01 -9.048841213188582033e-01
1.828011075444273104e+00 2.127027018373138789e-01
-6.703121257300418412e-01 -2.970039047840746793e-01
6.241355512871490374e-01 1.709117712568362091e-01
1.032952971278985776e+00 5.404588603607436426e-01
2.946245815740068941e-01 -1.591176290319738784e-01
7.033296730721977363e-01 2.646566037732810961e-01
-1.479476277090486569e+00 -9.185234837323610346e-01
8.161890163776408524e-01 -7.624722158597146970e-02
-1.348532882931872789e+00 -5.306709300600549462e-01
7.977146457799474399e-01 4.545346662146209082e-01
-1.143355874486694290e+00 -7.618506076238213964e-01
-2.737150188149250152e+00 -4.702175669339281328e-01
-6.711221565257786958e-02 1.012869767861099279e-01
3.749113355247014390e+00 8.397241936495050130e-01
7.796655839322541581e-01 6.443685768367505284e-01
-2.075829642247752904e+00 -8.294992828449595512e-01
-2.542719904242000339e+00 -1.058691767799424088e+00
-6.289327355076186621e-02 3.181955222915919257e-01
1.355639209320883332e+00 1.436900953376440415e-01
6.927609526631887116e-01 -1.266585341523807362e-01
8.162054181542131026e-01 -2.114229735127975962e-01
7.872720373882480249e-01 9.125074058261382071e-01
-3.161209251890293004e+00 -1.544661816006142940e+00
4.204975436386424903e+00 1.185844277141689496e+00
-8.977370212933384330e-01 -9.320530608963268904e-01
-7.122045712181279686e-01 -5.676235952275536789e-01
-1.069285805325980387e+00 -6.176021655989699655e-02
2.783592769140124989e+00 1.225718594619235491e+00
-1.507670902970234872e+00 -3.328649767914992896e-02
4.184284292287870244e+00 2.662271224378635726e+00
8.570455364094149431e-01 4.487385295916794803e-01
3.211706660942966085e+00 1.325774062782064444e+00
1.129148689125857086e+00 9.068689046945339616e-01
1.611764218419277916e-01 2.073680745331521469e-01
8.570216027114699320e-02 -1.718213597745945898e-01
-2.853980994263683790e+00 -1.460024730378503888e+00
1.684580347326752658e+00 9.226833739694149106e-01
-1.674947250068256066e+00 -2.764489183498235469e-01
-2.315351934199473938e+00 -5.297827129191019502e-01
-1.077925226367136613e+00 -3.818204944028352199e-01
1.843609923485481916e+00 6.282833242798868678e-01
2.583508783493503103e+00 4.613687585157336679e-01
2.417912209805745505e+00 8.477888977300499507e-01
2.967229437541951675e+00 1.299047050687889504e+00
-2.216458679348425775e+00 -9.010855758278651928e-01
-1.181921018082645741e-01 5.727489641898209083e-01
3.760457004120587143e+00 1.064765440274002328e+00
5.166766466265285018e+00 1.703203651262368723e+00
-3.828420048552758193e+00 -1.921037149341314088e+00
1.604614247403227445e+00 1.983965807170984252e-01
1.753225286826847196e+00 4.467241765426928635e-01
3.184631433324514038e+00 1.698220950799542273e+00
-3.004109472352478050e-01 -1.277787594638948587e-01
-3.938228975898875328e-01 3.572006376810535344e-02
-9.466148555185007751e-01 -3.959561432194703690e-01
-6.413076757670435057e-01 4.413603525031007946e-01
5.836855674611108880e-01 -1.413113242827346294e-01
1.980886766993855685e+00 1.391691330247340375e+00
3.024843737745728789e-01 4.006548380162467948e-01
3.517944336057123866e-01 5.356193912599778173e-01
-5.508261282076354348e+00 -3.224451540255516502e+00
4.263112185050660363e-02 1.344536178115227076e-01
2.284389145529355680e+00 1.721071107912332643e+00
-6.214715297043831299e-01 -6.510286508589858689e-01
2.721242235736756498e+00 1.789730699248277768e+00
-2.150346786232772422e-01 -3.488068689084603546e-01
-1.259040556820642642e+00 -4.484514203201198645e-01
-2.721369714297769526e+00 -1.213930594164330135e+00
9.638689300573172192e-01 8.359636008601576407e-01
7.925395614968198110e-01 3.424572734901900617e-01
-4.315274583962642740e-01 -5.299109435030575632e-01
-1.556096414935593808e+00 -5.861808613335542928e-01
3.391748278079764312e+00 5.285285749881197814e-01
5.344683311745601628e-01 -2.847426123255812902e-01
-5.096608704408310153e+00 -2.419184554722096259e+00
-1.142337314633614209e+00 -6.511268924474612474e-01
-7.999295817333809677e-02 -5.202506146414406230e-01
1.361932621831281609e-01 4.230193928397059100e-01
-4.148719087330537292e+00 -2.263984259836941959e+00
-8.889844446834093139e-01 -8.434194653228632710e-01
-2.245306997519318504e+00 -1.138592810238886477e+00
7.516393066132455170e-01 2.216421191164832105e-01
1.092105090484682961e+00 6.331544055533859794e-01
4.335566386943732198e+00 1.770145818160957951e+00
9.198771992158664146e-01 -9.804598977530485371e-01
-2.319810258385715418e+00 -8.048904435835864124e-01
-1.199720298051385470e+00 -7.774248062697006745e-01
3.800538787176236610e+00 1.745907900723538519e+00
1.247990467294453620e-01 1.313846558125623787e+00
3.367963370448741944e+00 1.272855902466905276e+00
2.984154043654707600e+00 1.075696240888500910e+00
4.845436494713062925e-01 8.231474912054210780e-01
1.320746865480694421e+00 1.174234567901687010e+00
1.534156859559322905e+00 9.889502768585789472e-01
6.888402396138221251e-01 2.955185923025639427e-01
-4.877277331240346570e+00 -2.750226541980076878e+00
1.065159657203090665e-01 -5.513432194538480102e-01
-2.179921388278033501e+00 -1.141194907246410262e+00
4.461910932572821231e-01 6.604072553266039369e-01
-9.931416691246666706e-02 6.203199172784948923e-01
1.186403883022973504e+00 7.804001094687601503e-01
-6.134932982703333870e-01 7.152413268469443031e-02
-1.411605292477050022e-01 5.746579492048260462e-01
1.411458007993131369e+00 -1.944429796549984601e-01
3.663943315390689293e+00 2.079380866110799086e+00
-6.310788461397627558e-02 -3.083059092936227263e-01
-3.573117643247079922e+00 -1.988116404568671669e+00
-2.102593240427047760e+00 -5.339833836158422997e-01
-2.535725939150418995e+00 -1.891950166065739847e+00
1.872950678354564191e+00 3.156410826019663829e-01
-1.587749451672056056e+00 -2.840789768465927789e-01
-1.233195097377979277e+00 -4.557044791964215413e-01
1.517672973336626097e+00 2.055851777821639526e-01
-4.903815389976381445e-01 2.565618168821566236e-01
5.922557373159663685e-01 2.657956421403482317e-01
-1.077488552092484175e+00 -2.679218759445641251e-01
1.977783346352108007e-01 -1.114898927557991387e-01
5.199351120591643172e-01 1.644590833086445880e-01
1.730646475198715173e+00 3.549337554504896630e-01
-1.597858658626942319e+00 -1.027496243145771926e+00
-3.896934067102721944e-01 1.833534857886499059e-01
-5.001800103037743916e+00 -2.293692603574296385e+00
-3.740935511883742404e+00 -1.134885920410505511e+00
4.201038463702537751e-01 2.274678593135624483e-01
-3.425983631898177340e-01 2.413065291121859191e-01
7.056256021434276215e-01 3.865029949643664642e-01
1.215959692817127680e+00 1.616688068815084200e-01
-2.258899016205990318e+00 -1.359556190932992958e+00
-2.913738091207046743e+00 -1.562836890515450605e+00
2.783506234212369534e+00 1.476216434547429124e+00
-2.658074444697438921e+00 -6.629956940655994391e-01
-4.921507163400548057e-01 -2.611956607655308016e-01
-1.104835495589596928e+00 -6.571898958887945064e-01
-9.041935394662845016e-02 3.685381251378646028e-01
-5.439148487445795155e+00 -2.110846608116040635e+00
4.010862350335969495e+00 1.209075387708681504e+00
2.734804195924363523e-01 -6.818866369883229694e-01
-2.257859491089990733e+00 -1.393359214191605355e+00
-9.428265296158832021e-01 1.842339590542649286e-01
2.193254732928652029e+00 6.436285031881242569e-01
-1.309057597222282432e+00 -4.068886006617957740e-01
-4.431912771995460965e-01 8.120618331401077694e-02
5.541072028556999207e-01 1.613967943432398633e-01
-1.204196154135694918e+00 -1.279136744557485272e+00
2.474711636293472239e+00 9.234208635211663685e-01
-1.179297668725519443e+00 5.512409060764278390e-02
-1.716225743781578938e-01 -2.953833916908872592e-02
-5.246173884194896830e-01 1.287529712833396012e+00
-4.160123818884675195e+00 -1.248735461208183795e+00
7.613819818057813993e-02 -3.589462521320541111e-01
1.194472383630568846e+00 1.230656883092052567e+00
-1.513063938538810604e-01 2.395823195827563312e-01
3.118299568284913725e+00 1.556752732454071531e+00
-1.372031995057138243e+00 -8.771005135344979164e-01
-3.383232466036699693e-01 -3.241224414995715897e-01
-1.919327130056746933e+00 -1.260806213756325178e+00
7.979917613742646409e-01 1.191815533809587324e-01
8.922316948477332366e-02 7.323405193402894586e-02
-1.948657151157933809e+00 -2.000613656965457121e+00
-1.286068434184514386e-01 -1.442215617249789916e-01
2.204617310015683618e+00 3.888885052971438050e-01
-1.064518539602820724e+00 -2.207555394468760368e-01
8.707139620839347005e-01 9.575506590544202723e-02
6.372748799029409605e-01 1.976615172438938584e-01
5.174699704383798338e-01 3.983792380280644085e-01
3.171413390792046094e+00 2.186778056083957367e+00
-1.868729541081259660e+00 -4.764684711698035646e-01
-3.924267502985703260e+00 -1.059541748039858788e+00
1.240415760369760534e+00 6.806474198078424909e-01
1.532864360091168443e-02 -6.198919246592570209e-01
-9.004159917166908444e-01 -7.796110507808637902e-01
1.087052822288682385e+00 -2.672771913535617605e-01
1.972317290655069222e+00 1.139618922271219192e+00
1.193644939067960209e+00 3.456043373388873463e-01
3.154224211627410845e+00 1.867615320940249068e+00
-2.582099077722039837e+00 -1.733770552674127607e+00
1.073754065241100175e+00 1.126474969849832419e+00
6.350182762773064205e-02 -1.453747948025064796e-01
-4.059933470770609176e-01 2.146867102202524025e-01
3.311209619397885717e-01 4.778739588377881597e-01
2.602509160810280164e+00 1.096988034548559643e+00
1.138157448064770039e+00 7.920020504054917643e-01
3.957080388431983287e-01 2.469208413122174206e-01
1.700880862179898312e+00 5.800540889184102600e-01
2.896495193196597207e+00 1.079772121481576086e+00
2.197319790362501024e+00 1.671023195076862811e+00
1.931213561250857413e+00 1.423477602767810435e+00
-3.454132273134690845e+00 -9.709393140290463187e-01
1.252961698714863958e+00 4.765579368655020742e-01
2.161761004716113543e+00 1.482902757552224671e+00
3.646460681827039529e-01 -4.935528280394974043e-02
-4.504126503127633963e-01 -3.350856975146044858e-01
8.281108513991565223e-01 9.826866047671596327e-01
-5.194971973171045310e-01 -2.202471071410394554e-01
-4.263869316584721902e-01 -1.736114744110206498e+00
1.211986145414333027e+00 7.182407544404944000e-01
-1.422090234934622610e-02 4.534537396206629878e-01
2.779754733057256288e+00 1.580124360184146148e+00
-8.178044925557599321e-01 -3.977422298659096245e-01
-1.495770359586427734e-01 -4.665983557977551044e-01
-6.198124648243459323e-01 -3.737514744945001355e-01
-9.302842762503182872e-01 3.444011720152350686e-01
-1.535480971148169171e+00 -6.095381983250456326e-01
8.135484139688282657e-01 7.592378692917853833e-01
-1.843507867890756546e-01 -6.821350754863300669e-03
2.240765677078107920e+00 1.456503494733955240e+00
-2.024961868767600315e+00 -1.911038268626156444e+00
1.883919250365059028e+00 1.130873085806319622e+00
1.820523865992564216e+00 1.139790818483642054e+00
2.269487575233479326e+00 3.217335243613977935e-01
1.073445532174484462e+00 1.084073683531396659e+00
-1.824480988316792507e+00 -9.570172137721965067e-01
9.402094340564592923e-01 7.744385132877387168e-01
-4.942000805322347423e-01 -4.240885529326781089e-01
-1.821131262345052071e-01 3.358938661022282113e-01
3.329963169302885717e+00 1.793073159781994441e+00
2.494750300177769109e+00 1.472330947031665671e+00
4.658282500893177414e+00 2.419379559893491294e+00
1.724516493705892328e+00 1.248332091622139650e+00
6.376740201357524729e-01 5.237115719138818459e-02
6.398391963315258613e-02 3.650896750570774008e-01
5.529497899598901922e-01 5.440830868055479552e-01
1.513834435769871034e-01 -3.093822805150904798e-01
-1.295134348560168736e+00 -6.987616461501855447e-01
-2.151789512768117474e-01 3.682612565210083844e-01
2.538148886601474530e+00 8.069434882962382982e-01
-1.945339214608503786e+00 -8.742710232461654574e-01
-4.756232271226448205e+00 -1.284373383574671568e+00
-1.195716330086667112e+00 -5.257182687098910234e-01
-3.313399308338906835e+00 -2.264904242043744631e+00
1.516770492220940181e+00 1.236150200412771127e+00
4.072500666551070125e+00 2.176465051495336311e+00
-1.085485333580942457e+00 -1.173711516064260163e+00
-3.960000611976997931e+00 -1.673049141993484756e+00
1.955195024586672270e+00 7.093859233512155305e-01
4.597558918547163032e+00 2.088248220671972799e+00
6.604054228791175207e-01 3.027995833786896740e-01
1.962926463932414212e+00 8.023286527119379841e-01
1.740124150082563492e+00 5.551189570366630299e-01
2.379242336653649925e+00 1.542629095976008724e+00
3.767505714815147844e+00 1.696898930741405298e+00
-3.838312442984931128e+00 -1.804972673709962727e+00
-2.825421793747417087e+00 -1.971492404608796711e-01
2.466621036317599547e+00 7.575093942212887121e-01
-1.611444383137040359e-01 -5.148975467588432497e-01
2.628371911554971518e+00 1.454115815325194072e+00
1.319181771428352912e+00 8.949053982048280620e-01
-1.660563343266374225e+00 -1.477191264956263517e+00
7.071793455043049459e-01 -2.001327642154865083e-01
2.017025680650465169e+00 5.525002822397671043e-01
-8.528957012808544014e-02 -3.579915017747184458e-01
-1.449565908909125511e+00 -1.369008319152423603e+00
1.008289658456017035e+00 4.369718001907489380e-01
2.224291457439818931e+00 1.542390557319954336e+00
-2.046807481373909443e+00 -5.395010224939822407e-01
1.970959798517642136e+00 8.272614599718901562e-01
-9.469329089323752502e-01 -3.997252770228472141e-01
-1.177395120758123692e+00 -7.363178817940629894e-01
-1.610400449017484359e+00 -1.891575943931260717e-01
2.473679533932719110e+00 7.646324524672040157e-01
-1.515601040586433967e-02 -7.557991017261231348e-02
1.812597339219664816e+00 1.354382635646599775e+00
-1.899571542497610510e+00 -4.235894870011502888e-01
-1.091107637893408144e+00 -1.131027770212046590e+00
5.823712555631727072e-01 2.383195095117709994e-01
7.444414875467979531e-01 1.021224572411435494e+00
-9.320537860682075459e-01 -1.663013281219802297e-01
-1.898524070796768326e+00 -5.993850980180147614e-01
5.381250158807789064e-02 -2.964466500088737133e-01
4.700785929645898698e+00 1.710921579095424638e+00
2.337568722932426457e+00 7.830064061443771095e-01
2.610272096973372147e+00 1.440184317461594476e+00
2.005183931374673101e+00 1.291786437227913087e+00
-7.232960358872382312e-01 -2.579240190779675812e-01
3.485178077891050163e-01 1.715614426319399533e-01
-9.621961175560428403e-01 -5.085467036746996738e-01
3.162183363326023233e+00 1.185456161709415035e+00
1.008136000865795578e+00 6.087544251753443936e-01
-3.470710051967973442e-03 -1.074857760344734986e-01
2.003790932842694605e+00 3.695242277792093466e-01
1.205891522002998206e+00 1.064912187336982230e+00
2.401178959639401533e+00 1.435788884231312235e+00
-3.806976978076276996e+00 -1.761727997507775978e+00
-1.698388506407479737e+00 -7.554644990793405457e-01
-1.161188748015558048e+00 -3.903023197112368559e-01
-3.113110394710791873e+00 -1.164798088651908703e+00
-2.190842791549260760e+00 -8.493545137619747942e-01
1.599653679771540493e-01 -1.491164278896919132e-02
-1.582568279273691259e+00 -8.955376266189211121e-01
-1.983316763920706993e+00 -7.339360423907919095e-01
4.492203648311375197e+00 1.513115166509765075e+00
1.580033235930231816e+00 1.606637471413971507e+00
1.547186472765369469e-01 1.009394932109618281e+00
3.267399687214934678e-01 3.169711709136056044e-01
1.276606430214905163e+00 4.031855657092983658e-01
3.842132966600735777e+00 1.330602030685215764e+00
-2.279361873956819995e-01 -9.104633523448465993e-02
-3.056516918416936512e+00 -1.910110542358328445e+00
-1.733344273776249445e-03 -3.644949671047159057e-01
-2.925201390038962845e+00 -8.038025021274779469e-01
1.148799976306782877e+00 6.990760050069653175e-01
-3.389443342033330975e+00 -1.177669266483259314e+00
-6.665612914304630543e-01 -8.544131073367715601e-01
2.317846259122438024e-01 2.781199244637405088e-01
-2.318868924260776065e+00 -9.412706825432809454e-01
1.325771017735075663e+00 5.932889122129361148e-01
9.251298199597502991e-01 2.727931055288314033e-01
-5.501319005993490219e-01 2.114332124444800454e-01
9.921315601524884897e-01 9.697052167707292947e-01
3.727276363792781488e+00 1.963268736045169049e+00
5.072941768843515220e-01 5.911635511222628203e-01
-2.725493980365916169e-01 -5.480570914796677462e-01
3.339016072241658972e-01 3.251473012351692171e-01
2.360889125807301703e+00 5.942414366799132486e-01
-1.655699199390403276e-01 -3.871378142160371016e-01
3.430746402663655381e+00 2.384852612466786148e+00
1.683778707798747887e-01 9.248538484233559398e-02
1.064636840474298518e+00 5.304193192210037155e-01
-2.890654589118003770e+00 -1.029421686257093294e+00
-8.250349828111527284e-01 -3.879287541924926197e-01
-5.051172054069570372e-01 1.576041440700908514e-01
1.473136182970861685e-01 4.160797898966640540e-01
-2.153367671275126405e+00 -9.650464859372840376e-01
-3.291232332609045352e-02 -5.824215636262788376e-01
-8.298171864384469298e-01 -1.843097222375075228e-01
1.334128606685247354e+00 2.386832349763110539e-01
-2.340733040215428495e+00 -9.069817834573103976e-01
6.327858358194504707e-02 -9.060764305288284692e-01
-9.989596905519217973e-01 9.104635977767944199e-02
-3.437040766409000803e-01 -1.302502762251253610e-02
-1.151754335417359165e+00 -1.499871325375847553e+00
6.573781408211951671e-01 5.707019030806244064e-01
-1.094389521555112932e+00 -6.223919892929763442e-01
-3.212325502520227971e-01 2.563169220508019763e-01
2.124374899709826625e+00 9.889080878287672682e-01
-1.903372988734790994e+00 -3.975196801529351509e-01
5.221797218002255381e-01 -1.761568638424847455e-01
-5.323856591733695520e-01 -4.146768292737454953e-01
2.107958646335483355e+00 5.782629055488561765e-01
2.265960991894985899e+00 1.043306210008119628e+00
8.209966202205776220e-01 -8.575229050114169249e-02
3.338202405423993935e-01 7.412015187565930141e-01
1.358117966126379583e+00 3.991500666480940485e-01
-5.779921029364221141e+00 -2.149812246046989284e+00
-2.108344682472488962e+00 -1.041343467654155530e+00
-2.444617209708479511e+00 -7.393333470700089727e-01
5.787044140574165718e-01 -8.295003723405136586e-02
5.623107917836629444e-01 6.587297776384696268e-01
-1.520061986560331535e+00 -6.854819080463097070e-01
-3.925981152057242407e-01 -6.042799611087480427e-01
2.885548125792564145e-01 2.438642771744227444e-02
1.889044850141523124e+00 1.540438907348062436e+00
2.324558546390182168e-01 -3.784418102084542435e-01
-1.586536735612936289e+00 -2.496123024487750253e-01
2.617881967667188281e+00 3.761140802145302997e-01
-2.014564694581871596e+00 -1.405147127108370420e+00
1.515566344168159496e+00 6.000428279378084984e-01
-3.535886811684503250e+00 -2.760187640230310713e+00
-3.786023972291134854e-01 7.585121918611012481e-02
5.398972454245241082e-01 -1.532393095378514203e-01
4.095367849972221030e+00 1.785094222027299171e+00
2.972438440674880056e+00 1.411646034505921410e+00
-1.389318459898759128e+00 -6.992290702473398234e-01
-2.210654896291450733e-01 -1.142997527982594796e+00
2.250857834624547138e+00 7.850723076102211762e-01
1.703864657915527436e+00 7.694461266131812360e-01
3.091244135383922842e+00 9.245382139906010988e-01
-3.018195676439929365e+00 -8.448110348452166907e-01
4.936424957515821998e-01 -1.045359822344751111e+00
2.442135877323668769e+00 1.884622721243884858e+00
-6.604682245694084575e-01 4.041502223662919446e-01
-5.650406230833668886e-01 -5.644834556895517164e-01
2.224685576369366924e+00 1.267327372048080436e+00
1.589733677116772936e+00 1.438879421231608280e+00
-1.148565935265519894e-01 4.669410920298752016e-02
2.756083324779613264e+00 9.451721087837010593e-01
-7.535290300926392737e-01 -1.518465112225367841e-01
-2.009681194967909423e+00 -1.304242618489948047e+00
1.557714558020883766e+00 8.252246773849001293e-01
1.985541890895138772e+00 1.548027339525458679e+00
4.855712659117406460e+00 2.270176828157736804e+00
-3.665458753140500292e+00 -2.232240076491625924e+00
4.583038965636339057e-01 5.029840367641931209e-01
7.342534802962341622e-01 -3.720857986292624986e-02
-3.197821057385219490e+00 -1.571128465042197053e+00
2.388415608573150717e+00 1.596833295161978361e+00
9.384445895482438349e-01 -4.419686134280573220e-01
-5.260877032365358197e+00 -2.682438609561551335e+00
-3.785807126163854175e+00 -1.758287760588845172e+00
-3.422794346651906405e+00 -1.903264006387588747e+00
1.308272295490855441e+00 6.997093404550682738e-01
-3.811716702235668830e+00 -1.946935299953832965e+00
7.770343988522016021e-01 3.053113675186314713e-01
4.095157130022589742e-01 2.273608122603090198e-01
3.027003436331224595e+00 1.330855990583389659e+00
-4.830406023140099592e+00 -2.729742654670726409e+00
-2.116135216868266333e+00 -5.158821670256596992e-01
6.036541071437395711e-01 3.137319795669767375e-01
5.818539279291352201e-02 7.639054514811452479e-02
-2.484460937348439202e+00 -8.344607303643563068e-01
-1.210492317236727233e+00 -2.308980406812988218e-01
-2.967099377922446379e+00 -1.650391459637749358e+00
-3.966243480360290841e-01 8.632186657031448718e-02
3.788743419033270277e-01 -2.496697933455205021e-01
2.589123909017372771e+00 1.173511239693345143e+00
2.604950330798527336e+00 2.511403292727023562e-01
1.284502184573530936e+00 1.665462099854177813e+00
-4.820719950394816156e-01 -7.217311885303672181e-01
1.511333223480203714e+00 3.255342359421820042e-02
3.049813263546168329e+00 7.967878245696474737e-01
-1.784690848836185895e+00 1.288610534561632770e-01
-1.116219049301706845e-01 -6.419307824147464647e-02
1.081104742260721174e+00 5.306057153216756639e-01
-3.795689281674015536e+00 -1.838895015678549516e+00
8.230278820783013538e-01 -2.236625423288990389e-02
-1.393191996030699098e+00 -5.854392436423383472e-01
-5.251342007740845697e-01 9.947945167193106286e-03
-5.593874490943877564e-01 -4.508392679955319227e-01
-4.153840852462215016e-01 2.055796847338872135e-01
-1.648353086595328421e+00 -1.453246627928905799e-01
-2.915468850221726860e-01 8.644992101069165491e-01
3.118945272977984740e+00 1.431591142460990396e+00
-7.587938596709369321e-01 -5.931011648885753385e-01
-7.679162301281698966e-01 -2.136712046457023284e-02
-4.617072283265283295e-01 -1.922850705395723336e-02
2.683851710737043206e+00 1.108239464928632900e+00
1.134328618603463124e+00 2.601048766289143499e-01
-2.920144089612416227e+00 -1.650901480882733807e+00
1.443963756057585979e+00 7.419266643883767332e-01
7.567627641803507110e-01 2.875073147381637662e-01
6.035871566126533860e-01 5.506540185430084389e-01
5.359658716740960116e-02 1.139053551515580853e-01
-8.373439071278313550e-01 -3.592516711698773291e-01
2.342848360109773154e+00 9.857782215243089396e-01
-3.885621789930294501e+00 -2.580428676891925566e+00
2.161634065840011054e+00 6.574668004303068081e-01
-2.691398542653076653e+00 -1.697740641566391595e+00
9.788552506947840737e-01 1.143854490234329946e+00
6.185230881383063206e+00 2.678522323287436446e+00
3.985348778427928035e-02 1.532641993458864760e-01
-1.242812060684165276e-01 2.611665823702373768e-01
-3.466311252058377868e+00 -1.947292753252478859e+00
-2.508760717943978591e+00 -1.320870840032025484e+00
2.027841054203293469e-01 1.844576683976211773e-01
6.264227739183930943e+00 2.852373443090933325e+00
-2.365072370478955577e-01 4.542434581529734561e-01
1.129124410622880381e-01 4.348430169699732395e-02
2.430567309854195557e+00 1.095040309655147093e+00
7.207876243220711077e-01 1.015346083315129988e+00
3.806223796413903404e+00 1.818498850689175050e+00
-1.494346765832483603e+00 2.268964998717205583e-01
-3.646058387421434177e-01 -3.327745357218389044e-01
-1.822993187465625553e+00 -1.450172075540777872e+00
3.003788002146375202e+00 2.068474920883895063e+00
7.685668338440431180e-01 7.226698410261400696e-01
1.698535483597386486e+00 4.302608498786133495e-01
9.985468033420125122e-02 7.293741787083531936e-01
-1.026160295418656387e+00 -7.376567094849073580e-02
2.726462800199569436e+00 9.870198568283780061e-01
8.410714730850099574e-01 8.629065215094747776e-01
-9.207887328951454009e-01 2.439302509126152207e-01
-2.875648672945289031e-01 -3.608286367813566542e-02
-2.986959938817165261e-01 -5.738593505034205178e-01
1.138386801711987195e-01 -1.183797972843095986e-02
-4.738012238171552259e-01 -3.499949454898217960e-01
-3.678715120256211696e-02 -6.530931747162528264e-03
1.063773742797363919e+00 2.247612670945137170e-01
-2.628289935458769211e+00 -1.004366478400630980e+00
-1.272629218348529712e+00 -1.236285206325904218e+00
2.915575452196088158e+00 1.699579140770142605e+00
-3.778659243487634267e+00 -1.725956544957410577e+00
8.683333486690887337e-01 3.080588687711508511e-01
3.038161760906830100e+00 1.385203572927810711e+00
-6.525903175266474232e-01 -7.033726211619506508e-01
-3.021233932327701766e+00 -1.025571290744348385e+00
4.503306398388566834e+00 1.996628882581707565e+00
-2.224770700444838489e+00 -1.213581183851123235e+00
-4.743127850850553662e-01 -6.349466391303610902e-01
1.254273852704168357e+00 4.422829575942185953e-01
-4.189673200656592322e-01 -3.440782998232361778e-01
1.256611877932480859e-01 7.523187754246538628e-01
1.247434711645840077e-01 -4.422730798003414177e-01
1.702344820251163293e+00 5.450516829385433359e-01
-2.181145547786371708e+00 -1.415888246785183657e+00
1.924052599103657224e-01 1.468215200903737194e-02
-3.064624591198892745e+00 -8.948297364875545945e-01
5.586557027992518520e+00 2.912313832541211678e+00
-1.959952483820173841e+00 -1.363718691527336713e+00
1.105112217042318434e+00 1.576136209740760519e-01
2.125477706490854324e+00 9.271153534593424839e-01
-2.227246797157282465e+00 3.952680758331383881e-02
-1.851726207155428794e+00 -8.113753456847750956e-01
-5.080491605488796081e-02 8.971707008328337896e-01
-1.672562950809064919e+00 -1.228524657480206450e+00
2.641024779048565918e+00 1.292417529651886055e+00
2.960364104989242851e+00 1.207146136003321768e+00
-1.854398672078237498e+00 -8.865876253786313388e-01
1.180536622846508177e+00 1.576235871012370726e+00
4.541728623818197974e+00 9.178866567541618116e-01
-3.445692153128553148e+00 -1.694444203426220374e+00
1.514544817747493166e+00 1.175355278676993853e-01
9.018207033210388079e-01 2.311968407616372678e-01
-1.080004862661589238e+00 -4.229632840679468653e-01
-5.002007861967541213e-01 1.895159130288149862e-01
3.840356436324909417e+00 2.514512924070055888e+00
7.696743455745932438e-01 8.651925214121620744e-01
-8.691056337196174653e-01 3.347758579361274078e-01
-2.773758536899564753e+00 -1.559959272800544694e+00
-2.968575627504363545e+00 -1.330122486426463135e+00
1.042350630211183127e+00 4.794882130325306968e-01
-7.127392848475627707e-01 -3.214637286765374968e-01
-3.217553764373211056e-01 1.849511609265437340e-01
-1.799767595732143732e+00 -1.444733743004268600e+00
8.318621314528520383e-01 6.613311217240713802e-01
8.370770410572199172e-01 9.910616028607074357e-01
-1.587465326674919464e+00 -1.023415569624509525e+00
7.238120964107908062e-01 2.138224391931503598e-01
1.713634324378511931e+00 8.066435583070640236e-01
1.646750681896177015e+00 9.244498119639499301e-01
-2.202051240151479128e+00 -1.228063449279561237e+00
-7.779929414232326090e-01 -5.076831906027101660e-01
-3.395247554694322378e+00 -1.475473119167334035e+00
5.327892733558560190e-01 6.526509416418882492e-02
5.706060934534011864e-01 4.345934582341114960e-01
-1.621224639799432765e+00 -1.158894035214806939e+00
2.423544764444329758e+00 1.699468716377648292e+00
2.811824315753766790e+00 9.313045964618655859e-01
3.287413000691146170e-01 2.806560226986428708e-01
-9.231888647510381185e-01 -3.016858701468711490e-01
-3.211061331022318832e+00 -1.182466868244901548e+00
4.153368350653982688e+00 1.332083675982303816e+00
2.144871476837497681e+00 1.119649331111931767e+00
-3.202249956636632477e-02 -6.470974381694352129e-01
-1.968524277565301128e+00 -2.145908228346904423e-02
1.355529218039742023e+00 4.350187104792705428e-01
1.881749400798125471e+00 1.177645768363671186e+00
5.324149009081503570e-01 4.620754743635993034e-01
-9.519994121536358433e-02 -7.395945870978300196e-02
5.744167350771307134e+00 1.514615318867712279e+00
-8.726269933394724676e-01 -3.885048456675719852e-01
-2.680681476838145727e+00 -1.214927580094636195e+00
9.026488573795585779e-01 8.946969184666281327e-01
-1.552593415647450126e+00 -9.290445940978941941e-03
-1.788497124640183067e+00 -5.521487478196873688e-01
-2.182341966348153139e+00 -7.683836731436155532e-01
-1.767525349126802148e+00 -7.951482691005801184e-01
-6.801283113476781494e-01 -4.091982455898467430e-01
4.435118787744412039e+00 2.334338721874518630e+00
2.708309142553552373e+00 2.050129760172948679e+00
-9.583253747480449669e-02 1.640033102023254474e-01
-2.193969088317151872e+00 -1.260461517985961954e+00
-1.680995510621913214e+00 -1.319578341514531683e+00
9.606736637374689858e-01 -2.924619935024049822e-01
-8.928956407044471577e-01 -8.592419062505366467e-01
1.249801188546066033e+00 1.181984996371861829e+00
2.934488040153507837e-01 -1.536421387177808184e-01
-9.847815005678292044e-01 -8.684880522841971207e-01
8.435365887715173816e-01 1.055523599751724717e+00
-3.431869090766539454e-01 -2.242545267897371464e-01
-4.472220181003726758e+00 -1.775793967093975745e+00
-1.729532527996126223e+00 -6.277275493259253381e-01
1.736933497979161078e+00 1.252356616214580942e+00
5.025891539692834975e-01 2.635472542211714231e-01
4.180236725172778556e+00 9.564619418327887646e-01
-1.793308279134493644e+00 -9.684134262701317164e-01
-2.939885348512250030e-03 8.750230380998488267e-01
-6.037592126390892711e-01 -9.878384062581829772e-01
-2.978892841265311509e-01 -5.619328460325443420e-01
-1.374264831836835565e+00 -1.116603272548694958e+00
-3.103078346360940820e+00 -1.498174272710833144e+00
-2.254787955482264294e+00 -1.007342113706833020e+00
1.181651453450132339e+00 1.035238432761540039e+00
1.148755873066969135e+00 1.558150202095870407e-01
-1.487139472420890174e+00 -1.023594169123142272e+00
-7.251446175566307328e-01 -5.670000912568244900e-01
5.543182809993833615e+00 3.644960253178400222e+00
-1.028356782488541343e+00 -6.718951712055842851e-01
3.254602058970011758e+00 1.157895205742960787e+00
-4.821829761291902550e-01 -4.262789230974937116e-01
2.675930947608865296e+00 7.743886829739456967e-01
-3.816553261984864331e+00 -1.167140604959736816e+00
-2.154962716562862646e+00 -8.015234704146472211e-01
-3.256749305902056357e-01 -4.729140706716491449e-01
-2.112307039589398805e+00 -9.670733785792334780e-01
4.681643647675972630e+00 2.311082488047752737e+00
1.325734897732258721e+00 4.359180441772287362e-01
-2.084122221066618152e+00 -1.369512342423702123e+00
1.777698457739217863e+00 5.430338173020865522e-01
-1.383151135434159684e+00 -6.258674567291364621e-01
1.077870711035136875e+00 1.448571816873630014e-01
-4.455945396954416049e-01 -1.547880994890679096e-01
-4.964842459435455657e-01 -3.690137938526847350e-01
-8.627207644681427201e-01 -4.699553213410165853e-01
2.169446956345351119e+00 1.000250378354599512e+00
6.955209069642854791e-01 1.164986468118234697e+00
-6.419771699585388181e-01 -6.635265659287519213e-01
2.075213686964281212e+00 8.228814807377640150e-01
5.354360652923154440e+00 2.515750459250174043e+00
-4.393603000485578391e+00 -1.446008706628543194e+00
-3.367614473267075970e-01 -4.567550860661064860e-01
-3.545829188630137185e+00 -1.422870886422698433e+00
6.699185529958303631e-01 2.569288691145162340e-01
-2.997224992079390304e-01 -5.018079823901459013e-01
-4.021277357519450479e-01 2.085045129847449830e-01
-3.131287522693919190e+00 -8.057429746841588969e-01
4.829820136910911721e-01 -2.274112962034113838e-03
2.447461835094846827e-01 5.531572053257943766e-02
-1.752431910090715084e+00 -1.303482389851757350e+00
4.305502319924438548e-01 2.320044818322877511e-01
1.055471970093576184e+00 5.042393452243757457e-01
-1.966557583508865115e+00 -7.065106469561144298e-01
-9.634877220573881962e-01 -5.058153682222100711e-01
4.139093469171300832e+00 1.286588182283502135e+00
2.741787909023210013e+00 1.379693409646286062e+00
-3.405978870377870837e+00 -8.823879686587808857e-01
1.570759394517784013e+00 1.155422762561869598e+00
1.205073045553631594e+00 7.164840023181759943e-01
-3.396644706214548393e+00 -1.779782763227912623e+00
-4.281610685403983041e+00 -1.686700171447707897e+00
-2.633888888164148678e+00 -8.599528637028945877e-01
1.126163104379165114e+00 3.005343529138454484e-02
-5.912680411671488168e-01 -1.072780064792612453e+00
-8.504110394582314880e-01 -5.814299466572767638e-01
-3.353178070983501957e+00 -1.456295428615193677e+00
4.881426611642846192e-01 -5.172851620304064202e-01
2.402544823910133520e-01 1.541416885330118003e-01
8.875228616000659931e-01 -4.267384262991308352e-02
7.358041531900276766e-01 3.869128089877189591e-01
-1.165841110107006751e+00 -4.622903882471451897e-01
-3.790664751689987622e+00 -2.267687642202906861e+00
2.825659011453126368e+00 7.610952642129287238e-01
1.393584750736577282e+00 1.324016295478435801e+00
-3.957520228533991657e-01 -8.071103820303309195e-01
3.743006934358693805e+00 1.210066022701784316e+00
-1.393682807608511487e+00 -5.276911521379920034e-01
-1.998088391494126981e+00 -8.166173859820577974e-01
1.498528369133327320e+00 7.602235679807424207e-01
5.636203336941760789e-01 3.254970530569790688e-01
-1.340074368349887468e+00 -4.339375774215926684e-01
-1.688042706247197433e+00 -8.156246882051382263e-01
7.006220472845511305e-01 2.745921080638663581e-02
4.071713985653040879e+00 1.660556071881048812e+00
-5.781988187351305708e-01 1.927398528053732296e-01
-1.549083036513955181e+00 -6.307153959420563893e-01
-8.991282244611675800e-01 -2.421204721699049545e-02
-5.182892065446246255e-01 -1.556103326276057075e-01
-3.052735235824817206e-01 -2.677577278729830201e-01
1.737158362377946963e+00 9.822777746247182140e-01
1.933677497054175354e-01 -2.044915638401890168e-01
-4.755624503505386791e+00 -2.835773134509467219e+00
2.663602763284549924e-01 1.119395329200172928e-01
-2.437952288590362837e+00 -1.461330669537839633e+00
3.474128293475196916e+00 1.839589039140538285e+00
4.216521743631629349e-01 1.400316043472110250e+00
-4.418781790434139212e-01 -9.784842590355058434e-01
-4.605695330135916032e-01 -2.406079002503776765e-01
-7.821508918891963980e-01 -7.241529447721570811e-01
4.158908569044905690e-01 4.234629956310747012e-01
6.170751027613186057e-01 4.500637838473100505e-01
4.101626990957198959e-01 1.454919230398010743e-01
-5.822841188918368438e-01 -9.220632796998051717e-01
-2.227441429416663343e+00 -8.056203284951142241e-01
-1.104829848268784609e+00 -8.272065287044257920e-01
-3.273419300616150718e+00 -1.901745042470298408e+00
1.244539084445903110e-01 9.012945789111328487e-01
8.484974098927098307e-01 -5.698181667634978353e-01
1.951156395364529672e+00 8.502904744261032821e-01
1.816735481221444459e+00 2.465389996574181009e-01
-1.329893071012879124e+00 -2.856169972115918387e-01
3.918257837922315412e-01 4.435672750889424476e-01
3.249613167967129623e+00 7.707834973235452303e-01
1.701294984537699895e+00 1.275084634452425147e+00
-5.973943588108540648e-02 -4.164728425077576235e-01
1.945703858220753757e+00 1.542116600210321264e+00
-5.328896516693203411e-01 -4.638607667298255688e-01
-2.068106193999669773e-01 2.413071995929857161e-01
-2.466457214043270341e+00 -1.074563868154096102e+00
-1.388433155449897427e+00 -5.815435827570053506e-01
2.801344143115046759e+00 1.347426381181404675e-01
1.272466828276669792e+00 3.704886731109012787e-01
-1.689403953176107143e+00 -4.741418155480134344e-01
1.972486656862002752e+00 8.391660531587604721e-01
-2.274588801671687310e+00 -1.120597096945404436e+00
1.462836858559185327e+00 1.152541539495103518e+00
1.362795294831955273e+00 1.188618336628029404e+00
1.821574107690732136e-02 8.674283730314770180e-01
1.439339696842429239e+00 1.455708968057682462e+00
5.274143348107160900e-01 2.029841938146220715e-02
1.071100734802038934e+00 2.281914262701186524e-01
1.305028725777499066e+00 9.355869420306339723e-01
-8.633458761731376274e-01 -6.584950631963060186e-02
-1.708896197143815909e+00 -1.270681287483752753e+00
-5.595918713710918979e-01 -1.609593621767029803e-01
3.837722928536277056e+00 2.645285030155388295e+00
-1.636879263519437577e+00 -2.541098912183461511e-01
-2.727582428333337194e+00 -1.046697133784083356e+00
-1.127170050367035437e+00 -6.159625500762764272e-01
1.134423905400343963e-01 3.725979817541998917e-01
2.717442585936002519e+00 1.433195424088840264e+00
9.947698898241525978e-01 -4.035598896917735878e-03
-2.107564186304453191e+00 -9.896886422135114936e-01
-3.625039663534853407e+00 -8.212752292427422107e-01
3.505207656415456619e+00 2.001506310942547717e+00
-3.061788776277609703e+00 -1.460297274887483177e+00
2.922779637306034406e+00 1.322758496470902045e+00
-1.306285033095991643e+00 -9.219911615947460337e-01
1.056881524717128151e-01 -4.435883540270686431e-01
-7.195976355784600154e-01 -3.893567519276522892e-01
-9.626916999169194966e-01 2.561223841280273472e-01
-1.990950519167832500e+00 -4.958163208307424519e-01
1.039133946586811685e+00 7.069884840271076776e-01
4.714182297711199121e-01 3.450622823616806834e-01
-1.192085084771037584e+00 -6.246657423233550332e-01
8.587985668619368962e-01 -3.159024181452954050e-01
-1.652123533258451848e+00 -4.535138193381558214e-01
-1.760590058687908410e+00 -1.687210967975133480e+00
-1.262722052412235563e+00 -6.702775254767762148e-01
2.211354994550504660e+00 1.075062897299913001e+00
-1.592486290872341392e+00 -5.628222119882556607e-01
-5.210267870454143857e-03 6.053596608780787980e-01
-1.274879213379380705e+00 -5.802018913929870569e-01
9.049434421525012207e-01 3.237439851053229845e-01
1.898740577936984808e-01 -3.621671995053600268e-01
-3.203194427100796160e-01 1.841699454108342016e-01
8.474001612245429804e-02 5.269545450763790662e-01
-1.464008773210622838e+00 -4.594790302169132756e-01
-4.176217496384384553e-01 -1.484943073494221499e-02
6.314206474216921272e-01 5.478884640885717250e-01
-1.782132566132149876e+00 -5.360577281891659718e-01
-3.331469523892505613e+00 -1.729960379289750438e+00
3.196487830750844861e+00 1.114998847302816287e+00
3.432378801342319541e-01 2.830139815058677621e-01
-1.279130176960382670e+00 -1.112163442830557125e-01
1.779149966489236512e+00 7.686811953218856130e-01
-3.095790213127152857e+00 -5.407603785211642089e-01
1.818052714235166789e+00 7.102534434443216194e-01
-7.578976766782132835e-01 3.354356937827390750e-01
4.313133199141685470e-01 1.699262320304066320e-01
-2.018530778301171225e+00 -8.961174641861413548e-01
-2.902711812055048135e+00 -1.832730515590566434e+00
1.338642643911725605e+00 3.218389094596163513e-02
-3.877250904124507347e+00 -9.350070531257448359e-01
2.071172052316801793e+00 2.607299792768124069e-01
-1.214302497939114600e+00 -6.752865887382054622e-01
-4.103345956940435690e-01 1.073620786504667413e+00
3.433873014524573275e-01 -1.212709597507207332e-01
-1.055016248918415611e+00 -3.966017518099720363e-01
1.612506839308925244e+00 8.218566211996398696e-01
1.920313238892750407e+00 9.760834285640769270e-01
1.024061175041889316e+00 7.299590149810838424e-01
1.889840367665525322e+00 2.202395648907889303e+00
1.532319688150018511e+00 -1.079416014697689441e-01
2.340540783391195756e+00 1.254012337440871150e+00
-1.137700663384016764e+00 -5.763312114300861433e-01
-1.789757697086828969e-01 5.482568726770172679e-02
-4.006919629774814418e+00 -1.860078960601516451e+00
-8.880566839007523194e-01 -6.403596223426115674e-01
-4.053862670770382870e-01 1.273363072748598113e-01
-7.105846018669321751e-01 -8.946617282356920109e-01
1.785296882604783919e+00 8.507651469450074888e-01
-1.895271143468298058e+00 -4.498071073245537566e-01
1.405017235616182525e+00 3.931811915927382883e-01
2.243236944975721237e+00 1.160284239798219597e+00
3.274615654754339800e-02 -3.540135382619926663e-01
1.443799144481989538e+00 5.568346543438112972e-01
3.150709845810749643e-01 3.183234502772122609e-02
3.078405338389152979e-01 3.587986723639763342e-01
-9.871364839678858916e-01 -9.694100683162782950e-01
-4.919227393770186918e-01 1.105760921108819295e-01
8.486509356074319887e-01 -9.233959215435266765e-02
1.688473878963041797e+00 -5.295925266433665346e-02
-1.957875194560176668e+00 -9.491988984670227669e-01
-2.836622614845308643e+00 -6.770619098010094428e-01
3.730808818756629286e+00 2.081301970846609617e+00
-2.307914850907032134e-02 2.726328011733320511e-01
1.662311855923154225e+00 3.090721431590013890e-01
7.631540433817098901e-01 8.202904652772091687e-01
1.008847578029270498e-03 1.788850878693982738e-01
-2.240924004486036569e+00 -1.783189500993923815e+00
2.291942866465273898e+00 1.591216181559701903e+00
-7.186106592984049524e-01 -4.580045384690870081e-02
-9.241717985041301153e-01 -5.300164019818488503e-01
-1.939142637824668780e+00 -1.402446821060625126e+00
-1.846328719458940171e+00 -8.392190475950063178e-01
2.013570783195623548e+00 1.274246607436351431e+00
-1.709749584653977861e+00 -1.189489919217032732e+00
1.640354652082120612e+00 9.768321426996950940e-01
1.612097086351065967e+00 9.419249586435174404e-01
-1.679507012862517135e+00 -1.714689642651026080e+00
-3.074473227482376725e+00 -1.392322149127726005e+00
2.845354555275352748e+00 1.102307889383481898e+00
2.169626224775879297e+00 1.284182831227953958e+00
3.718577005466486174e+00 2.315459314642026811e+00
-2.331079893060081787e+00 -9.963961404425764057e-01
3.109703864973159426e+00 9.312506729183578358e-01
-1.583881595666427167e+00 -6.489927491316388464e-01
-7.194555808929185003e-01 6.203118364355497683e-03
-8.466588950324775986e-01 -3.668656597956626020e-01
6.325394589653512423e-01 -2.773297296446783355e-02
3.605858132931684334e+00 1.239782036706214896e+00
2.390544241302309525e-01 4.988521801144510937e-01
2.444294897730776017e-01 1.046090579129501208e+00
9.955585667822325346e-02 -6.904236874671934032e-01
2.695975476982361840e-01 1.468817545220890142e-01
1.416231866765751968e-01 6.249231931486644021e-01
-4.244587917119265086e+00 -1.742841469783475095e+00
1.213385126997574837e+00 1.051296327531054065e+00
3.550828273841609151e-01 4.155590340904221636e-01
4.829380127106870924e-01 2.365722075899689969e-01
-1.388097457767570653e+00 -8.082743279515087753e-01
1.563990889043137766e+00 6.361291591792247457e-01
-4.062464255275389569e+00 -1.430197669277513128e+00
-1.517601283975880344e+00 -3.998490104308285442e-01
-1.741042495189876416e+00 -4.889389537256082496e-01
-1.069067631549851960e+00 -1.019317558940280755e+00
-9.190349110876959715e-01 -9.561449026613960678e-01
-6.794105635810012700e-01 1.143463793191710764e-01
-1.983050540804662809e+00 -8.352063167835419577e-01
8.567109873400948761e-01 1.166955460595351379e+00
1.085945304183135285e+00 1.038563654636045053e+00
1.887274505489542342e-01 2.087068956243154361e-01
-1.025909894744918782e+00 -3.801359825043681973e-01
-1.796541976654640216e+00 -1.169025218466850591e+00
-9.261539505650493442e-01 2.887850705704191334e-01
-4.767986461763650680e-02 6.552704104600820534e-02
-4.886044817295588372e-01 -1.254972277388410662e+00
2.441899702212372847e-01 7.166604053517010298e-02
7.522527357445316087e-02 1.900891629926402815e-01
4.800563481799245413e-01 -1.133805016409492328e-01
-3.379719297690497282e+00 -1.632937185387282497e+00
-1.271845535113956260e-01 -1.027718809319491555e+00
-9.970119838139875901e-01 -1.073103222524678158e+00
-1.255719266788097865e-01 -6.683656945388670445e-02
-1.209892555281032456e-01 6.968317456445953517e-02
9.389177214085315804e-01 6.334850263195668241e-01
-3.758365864111236299e+00 -1.955392841783057722e+00
-1.918828319456099774e+00 -9.772255081915736108e-01
-2.881081385640104742e+00 -5.923623108498238254e-01
2.279344959232051604e+00 9.970855308455172095e-01
1.428017861247824927e+00 7.899131955100826552e-01
3.047826145495057926e+00 1.712923523701255890e+00
3.715110799870613434e-01 2.278826621006309616e-01
3.099374191026520453e-01 3.165425355817588216e-01
-1.991566372923109007e+00 -9.355853821199855425e-02
4.790817549726352764e-01 3.303945231893175016e-01
-3.731661804990869413e+00 -1.666567722663399032e+00
1.314835602214425858e+00 6.576618405954037794e-01
-1.622870986954214612e+00 -1.036304966126782690e+00
3.241019436014540567e+00 8.482121593415697935e-01
1.400904861608379681e+00 7.059279416125093798e-01
6.598684489948394294e-01 2.276252453513500917e-01
7.341882393039812493e-01 5.994595333972452256e-01
