-1.573611108441364259e-01 -1.274670122298900532e+00 -6.160583820203417993e-01
5.939368556648709774e-01 -5.539179891055823202e-01 -6.067585121113082680e-01
-2.766500855497524114e+00 -1.091297098798733378e+00 -1.010292360307740500e+00
1.802851265399863179e+00 2.260853190027430348e-01 9.428363628450113776e-01
-1.773979731661379011e+00 -7.639386802761848339e-01 7.162192580774418005e-02
-3.849496038884885341e-01 2.964293786812535192e-01 -2.351648706597528893e-01
1.458111645826516867e+00 2.248008981255217087e+00 9.560905429458497196e-01
1.370725870774995192e+00 4.131311430079016855e-02 -1.766691642453024069e-01
1.067630702024067180e+00 -5.083835521751465247e-01 -1.508033997280255334e-01
3.291658564882990579e+00 1.801108771133503872e+00 5.778239602922801144e-01
6.251064822722239844e-01 -1.659530961614165412e-02 -2.370173417530305193e-01
-2.011376915646422958e+00 -2.609424292097005438e+00 -9.400833609772883959e-01
-2.344366794293252010e+00 -2.096987278904870688e+00 -8.888286626379783284e-01
-3.001381870471956148e+00 -1.481980351818062536e+00 -1.138686695288332773e+00
3.340570640307751193e-01 -4.133057075798554081e-01 -2.344517331350351730e-01
-4.833764341594613434e+00 -1.754445833598715643e+00 -6.487345562664136311e-01
2.579198297894645719e+00 1.809123468444167715e+00 5.551132848256824515e-01
-2.592104621657345565e+00 -4.462730723650890630e-01 -5.494002888411451124e-01
3.113052854122360991e+00 1.986949208735270922e+00 1.037957683637152906e+00
-3.766446780708727626e+00 -1.365257671475867962e+00 -6.170788925983922146e-01
-5.191762119310328050e-01 -3.275172668036979706e-02 6.917284445693425154e-02
-1.144546486547302067e+00 -3.953892952956398421e+00 -1.517575754936800303e+00
1.728239370117826246e+00 -2.233366480813821497e-01 4.499448284387828900e-02
5.833146973576859295e-01 -3.544115862320520449e-01 -3.023683524019810109e-01
1.449186344514041602e+00 1.987840784635510394e+00 9.174988686208618294e-01
3.264850956522517555e-01 7.934472838568301656e-01 7.328208282452194910e-02
2.560612284584517617e+00 -5.260835971243457143e-01 4.785987764131222066e-01
-3.446945276314809514e-01 -1.363218034650204302e+00 -7.316832335152847477e-01
-7.996347712770046634e-01 -7.249611160031251833e-01 -1.370553486041753422e-02
-4.869100852611934371e+00 -2.407694053873719486e+00 -1.129721470125052862e+00
-1.397180130808853837e+00 7.317664615011879592e-01 1.698080029286569426e-02
-2.336057704390699818e+00 3.190867482607601113e-01 5.489537731953977873e-02
8.457578848801570182e-01 1.486513596157239991e+00 7.845997289453672252e-01
-2.985471067641577214e+00 -4.600871956055543888e-01 -9.981142815131267554e-01
-2.371165048752508664e+00 -6.032766907195225015e-02 2.683971536265133406e-01
1.540663368200166916e+00 1.910722972751207838e+00 3.705428215287194793e-01
-2.121746582983687013e+00 -1.194876834595619830e-01 4.751894855126315154e-02
-3.454375510568913898e-01 7.471147149253087871e-01 1.756399106426052570e-01
-2.368996754300746854e+00 1.823903513498617901e+00 2.237698802535304510e-01
-1.755816083219601254e+00 -4.880445492057669532e-01 -1.448343339538651908e-02
-4.015694782414630737e+00 -1.321394152702073166e+00 -4.112953151633307325e-01
3.600069798707502766e+00 -3.033825669795303104e-01 7.216636764407094451e-02
2.627024608924290572e+00 8.044130611681723497e-01 1.848074351144451954e-02
2.321830997519384709e+00 1.741170454824568115e+00 9.145910224676625511e-01
2.208015923498339236e-02 -1.872970858609975253e-01 -2.590625619728591511e-01
2.062465675113447805e+00 1.952015290870111164e+00 2.852712166392313842e-01
-1.366188346937300402e-01 -1.900737317165089868e+00 -9.307250201624019947e-01
2.483234665453060985e-01 -1.696014329701633905e+00 -5.486546669175784707e-01
1.422347600088170072e+00 1.910639943169889943e+00 1.280103834634498838e+00
5.967981310918375470e-01 -1.619477391611930495e+00 -5.117402481911419443e-01
-2.955843404240490191e-01 -1.621758617227188726e+00 -1.151471869519779867e+00
-1.033388594317522058e+00 3.218292030024397232e-01 -2.600670023945216014e-02
4.681810194972221284e-01 -1.342306982492132317e+00 -3.358634923551505613e-01
9.455882557291157564e-01 1.854652512132395348e+00 1.036412735053296785e+00
-1.657843111228914479e+00 -7.603822483174321745e-01 -2.975411788532530410e-01
-1.903423505682935835e+00 -1.273098937049698343e+00 -6.359955960511632922e-01
8.764453443781691222e-01 1.754916190142195020e-01 1.046566010760206916e-01
2.824011195124938922e+00 1.844023526996281914e+00 9.695077477757439999e-01
4.019761463580469929e+00 2.344734450356528832e+00 1.715040216442252019e+00
1.367233283356425577e+00 2.009995543478412028e+00 1.221911778897745382e+00
8.518736456822182390e-01 3.564847128909288260e-02 1.826161806379519859e-01
2.532085102782617891e+00 1.469165558212233380e+00 -1.129801916012960206e-01
-3.327692696973285624e-01 3.426203688551302529e-01 2.077797350577283153e-01
1.439175638468955132e+00 8.455431279151370827e-01 4.399365327122568559e-01
-2.848655504740597255e+00 -1.532005050247875699e+00 -1.209380460344486430e+00
-1.555778295024561775e+00 -7.417854297494107518e-01 -4.457895276207572421e-01
-3.402069916535621075e-01 3.811936278441261927e-01 6.035314834346441337e-01
1.172464880116353081e+00 3.693501751960798218e-01 2.416577131601704842e-02
-4.375675274701471551e+00 -5.635411857907512978e-01 -5.368406992353580431e-03
8.741616137349901283e-01 2.416024181058647358e+00 9.193068915062976298e-01
2.173291888584914788e-02 -1.300773931172243936e+00 -2.105337838769465453e-01
1.444193091265330020e+00 -7.754833147678271699e-01 -2.366019930581926833e-01
-9.622162903169014913e-04 2.028502439587308803e+00 8.519818963915826160e-01
-4.979184562581014384e-01 2.235223141725202756e-01 5.517518232932142747e-02
6.786023636031713879e-01 -1.200077646395867559e+00 -2.684419481037843003e-01
-1.213869143837198905e+00 -3.025719533185308729e-02 -4.713475880326891687e-01
-2.364533732391580045e+00 -3.510937997135265221e+00 -2.113747868227466409e+00
-1.022289196004760203e+00 -1.513229715129975395e+00 -5.839495577784316049e-01
-3.148559380430438814e+00 -7.502498126470285023e-01 -6.845100380437411092e-01
1.597261011866585034e-01 -2.007103029780416659e+00 -8.752872782672237451e-01
8.028002798592692724e-01 5.485155178533016596e-01 2.592827390313459657e-01
-1.092400753698928639e+00 4.764030758510247043e-01 1.810448337999280011e-01
2.829647400486668962e-01 -1.322374065433455481e+00 -7.987424448556601497e-01
-5.637444206533927193e+00 -2.359296711331997365e+00 -9.844476465409708332e-01
-1.087090439445504542e+00 -9.524057811991980538e-01 -6.575839100652665081e-01
-4.175042123251206938e+00 -1.834833604929473339e+00 -7.372977315661356501e-01
-3.359656660332144718e+00 -3.748358391731333228e+00 -2.093884046271639487e+00
1.653573935352015134e+00 4.767891245784416920e-01 3.417498844979965367e-01
1.176314183184942186e+00 2.310273862051030580e+00 1.013175709061044927e+00
-2.411619528849112015e+00 -1.434911311872278716e+00 -5.912402606985170950e-01
2.977214881566483395e-01 -1.634564047495631556e+00 -5.086722651048488641e-01
-8.494223413382246957e-01 -3.684784647953429082e-02 -3.373182184258889382e-01
9.967587588167682311e-01 -3.167598944129618732e-01 -1.681264498272123931e-02
2.151788768213300784e-01 -2.402814170904726265e-01 -3.958903361963489465e-01
3.467136790925836598e-01 1.826083539862326521e+00 1.225361401654884608e+00
-3.144540698571877124e-01 2.746599109550675877e-01 5.519598076611601511e-01
-1.288724013501151289e-01 -5.353230320115175411e-01 -4.222640042063015020e-01
3.988150048808398740e-01 6.521035963768363752e-02 2.187779577692796906e-01
-1.797340861479412188e+00 4.441342688347163503e-01 -3.927631056042684143e-01
2.347635481588541406e+00 -7.990256551810116514e-01 -6.758435849630379799e-01
-1.222573090991233125e+00 -1.577613179483671191e+00 -4.608229950725158952e-01
-6.908012443250347578e-01 1.448725068872036559e+00 -9.143434691196161701e-03
3.288631070250831900e+00 -5.599060334889096602e-01 2.508672275677114039e-01
-1.430599597645756171e+00 -2.744276493583812648e-01 -2.999974965374047065e-03
-2.405497159179088573e+00 -2.737391869545443335e+00 -1.749016259094714698e+00
2.178041759243587894e+00 2.651669856656201585e+00 1.539368184388736349e+00
-8.791451234784303237e-01 -8.571682631745927150e-01 -1.294778916576610761e-01
1.538522546302534440e-02 -4.223126861696780976e-01 -2.947502645246281583e-01
1.051010598629225523e+00 5.612185008408525633e-01 1.887001193185407488e-01
1.921629977723794847e+00 5.596453005171828643e-01 3.346573106620924776e-01
-6.647032583236743841e-01 3.477570767685379316e+00 1.118960539562247947e+00
-5.321277005991832398e-01 -1.340645245586660206e-01 1.809303959053626953e-01
1.397556927203700283e+00 1.255770369636167283e+00 1.088584456556941804e+00
-5.588515718985205716e+00 -3.504329838924482132e+00 -1.747449683344035609e+00
-1.821568654575051183e-01 3.658215303107202887e-01 -4.422599034354784964e-01
2.725681214892197168e+00 1.352566260995309744e+00 4.893298058923530869e-01
1.279081269006786759e+00 5.512704426613984632e-01 4.622233808115580045e-01
3.369622506273255436e+00 3.973843450778742792e+00 1.910940014663977671e+00
-2.596247972108550517e+00 1.049996910619953372e+00 1.585344512651953031e-01
1.118727162302603162e+00 2.103692595932167286e+00 6.888198815930189900e-01
2.404664202345507817e+00 8.965227416404231153e-01 4.065608284260346372e-01
-1.123048868326124827e+00 -6.053281488670896049e-02 -3.057566583623634315e-01
-1.298908781141500546e+00 8.364870304943462787e-02 -2.762266218911943461e-01
4.999140851618983916e-01 -1.811592420205780374e-01 9.419994329269466837e-02
-1.002971084575744687e+00 -1.319134154230673817e+00 -5.845039802648860361e-01
-1.783379328569939748e+00 -5.433303915283770325e-01 -8.992364363438147823e-01
3.731670508735783987e+00 1.833081901484335585e+00 7.286876417935854722e-01
-4.089053143272172175e-01 -6.038205954852320367e-01 -5.338226739000399013e-01
2.045558451056171734e+00 5.921486792066162075e-02 -2.415937036329566245e-01
-2.976531662320371474e+00 -1.871216577500811828e+00 -6.082994444305802606e-01
1.304005407114779969e+00 8.861729615324661635e-01 5.289975237487661852e-01
8.227212690284554375e-01 2.649754198019116824e+00 1.043167048580706746e+00
2.151331719259463870e+00 3.858556440573469026e-01 1.799613122756416050e-01
5.983601858884992630e-01 1.146292782156544510e+00 1.216096517781152242e-01
1.078610715610602844e+00 -7.777388137204953311e-02 -2.658773343732101502e-01
1.802045868606950263e+00 1.126333467089081219e+00 4.243857586024604167e-01
1.013566509554060691e+00 -1.299719589530753616e+00 -8.955182387927707044e-01
-1.728810774776373682e+00 4.748549632467651271e-01 9.612225081807335147e-01
2.217768153973616596e-01 -1.375486297317445039e-01 -2.168733501916017201e-02
-2.028959343656662195e+00 -1.722615529148922686e+00 -1.085263523616573522e+00
4.290829036558504450e-01 -2.031947105962804145e-01 -2.158085777148439632e-01
-1.700330799608508636e+00 -1.425652956200839538e+00 -1.772382951925800532e-01
-1.085169815921498637e+00 9.722564440698688859e-01 3.087155800519225668e-01
7.341146666713465052e-01 7.266564047866939102e-01 3.901247587859038579e-01
3.019679168707805061e-01 7.344126956882862656e-02 -4.429788890117673794e-02
2.070074459356447072e+00 2.747772267909067145e-01 1.088112451743503906e+00
2.763409815108293088e+00 6.136020189257865853e-01 6.017121268258962541e-01
6.305573593917347675e-02 -2.126920622378322800e+00 -1.208551164983301174e+00
-1.513573797422167244e+00 -1.945584383345598800e+00 -1.293598581727883001e+00
1.987758793412225167e+00 3.546754319477033235e+00 1.462879338098680426e+00
-3.914034700116388432e+00 -1.605094809926018051e+00 -9.138236114154740797e-01
-1.726608883352524382e+00 -4.892019865082282704e-01 -9.772213224095011030e-01
-3.720207483300992379e+00 -1.206048868009750530e+00 -5.135111666546152698e-01
-2.732636559336609317e+00 -6.417557400863506123e-01 -4.526860404618318623e-01
-2.253158780590227561e-01 -1.786062984020729827e+00 -1.150193078448513706e+00
1.388673308577347720e+00 1.542595595627504368e+00 7.804683668822282039e-01
-2.769260614588867853e+00 -2.215203838040472384e+00 -1.171612568321181325e+00
-2.272223912321821082e+00 -1.416482279648328291e+00 -7.003182369623920378e-01
-2.781480140100549114e+00 -3.728450488034317001e+00 -1.164787928259934047e+00
-2.854452055790973386e+00 -1.354585640599769158e+00 -8.737413018995697778e-01
-1.055218790628510206e+00 2.025504560162407763e+00 9.981063815007163997e-01
3.203846458045560563e+00 1.128914653157955028e+00 5.398704089228584246e-01
-1.700165431546200479e+00 3.976901134639310720e-01 7.532398239372345428e-02
2.175589674207322410e+00 1.719467567683595988e+00 7.086867817313309281e-01
5.460246676179646430e-01 -2.385958768777172168e+00 -1.138016732460751745e+00
-7.063585520424908726e-01 -1.745984535165592488e+00 -1.133358712184046491e+00
-2.353090134430725122e+00 -3.990633666273226687e-01 -3.303532250838153717e-03
3.123190230692447500e-01 3.999025960605542829e-01 4.404005036705453680e-02
3.149934805973998664e+00 3.286369633439113480e-01 -2.119756185485251465e-01
-1.126122967176276690e+00 -6.411544111785669187e-03 2.214255597240361861e-01
-2.565396782059752856e-01 7.782189646159529683e-01 6.466301909226525035e-01
1.750625962523608026e+00 6.420591656500871380e-01 3.108917152458881006e-01
7.112592211768211659e-01 4.465294883649925106e-01 6.672946741496179612e-01
-2.760036623330703431e+00 -8.907516704423595888e-01 -2.698472091583613564e-01
1.972385362435943534e+00 -1.471751174523690864e+00 -4.497734078895953003e-01
-6.870438759621009250e-01 1.909392985805202558e+00 5.825461767669563029e-01
-5.441651431059989497e-01 -4.394649875540511119e-01 -3.566777425550796132e-02
4.025064594888553060e+00 1.705656077343366661e+00 3.288908630341881856e-01
-2.777735077370438788e+00 -3.436863570161202031e+00 -1.046064470393722745e+00
1.566034249123960276e+00 1.410647882323901925e+00 2.509932875983387768e-01
4.561116830972741454e+00 1.656582079559710596e+00 7.309844863186900632e-01
1.586866746218488888e+00 -6.671644217500769525e-01 -2.470809679805802961e-01
-2.775849017618866044e-01 -1.047756724433684061e+00 -3.134620855340378709e-01
-3.459235958751085249e+00 -1.509614108545138667e+00 -1.299954643581870961e-01
-8.660911174066430185e-01 1.812589792269883870e-01 6.487792658854543704e-02
-4.564291823831314154e+00 -2.225830513965938895e+00 -8.235277429839810148e-01
5.202553673182549326e-02 -8.866468218063672246e-01 -5.909968265918428276e-01
-2.071297958593197652e+00 -7.848432693617634071e-01 -3.050638945418925330e-01
-2.222727278210346213e+00 -2.825453390610865423e+00 -1.105532095571865936e+00
-3.039801791154113975e+00 -8.034832479079768719e-01 -2.165346705940300043e-01
4.042491955970008988e+00 1.299321899792243995e+00 4.160238738786932178e-01
4.095795846526157469e+00 1.627445244929478063e+00 7.881002965025932783e-01
1.219535162730716493e+00 -1.310110112416766615e-01 -1.360998721331047046e-01
1.380013816012838790e+00 -5.601845330113039978e-01 -2.771047155485373281e-04
-7.353421020892662030e-01 -2.374525917686503285e-01 2.577970610822055697e-01
2.615009001072348127e-01 1.476416050707681227e-01 6.180508056104734582e-02
-2.604124668599479442e+00 -2.059242762430657958e+00 -1.057903513756066394e+00
-1.454322232960231776e-01 1.269361486897497768e-02 -4.532207046211660095e-02
2.845425054200194648e+00 1.141747736304226102e+00 -1.966221534714434616e-01
1.339392034845310775e+00 1.146231901151904875e+00 4.177622348244889872e-01
1.608526330354645317e+00 1.369426021453996167e+00 8.351374699577502891e-01
1.258400899932568429e+00 2.625854001979829988e+00 1.067322843099845597e+00
2.660276261715173174e+00 6.376761162350041978e-01 5.184847388523257106e-01
4.454580637908969187e+00 2.782613797478833639e+00 1.201113805057780537e+00
-1.212360768645331488e+00 2.331061784434817596e+00 9.331503067173598787e-01
3.264802590284020312e+00 3.666659589934657126e-01 5.881906512426718359e-02
-1.212156728803585715e+00 1.219591201534120373e-01 -7.277557354657221422e-01
6.486920094618484622e-01 -1.504359620494440497e+00 3.188962585451593501e-02
3.676491007305615177e+00 1.362849010582753095e+00 1.008703517984374631e+00
-7.750310503256870875e-01 2.530271594713944250e-01 -1.092693406791758748e-02
9.212858794000575724e-01 -6.925193734694030656e-01 -9.853550476042639561e-01
-1.804642238698229262e+00 -1.029176277965838437e+00 3.479661542776712468e-01
-3.308863113307809911e+00 -1.211570975011105222e+00 -7.607314330207115560e-01
2.416134650726673994e-01 -1.277153267994151964e+00 -4.967826680332836364e-01
1.930150733577998379e+00 1.421043712574888929e+00 5.725715525711064791e-01
-7.749632255709414386e-01 -1.378025375971653199e+00 -6.796808884541615248e-01
7.480101877867862958e-01 3.324119477561670588e-01 2.328076316655587341e-01
1.047879307970073670e+00 7.105263197910747230e-01 1.070027084351935220e-01
1.061264135440800560e+00 5.467210963811628410e-01 2.895537800167482523e-01
2.568723693633217842e+00 -3.212487787036984455e-01 -3.075579236305027719e-01
-3.358209107320788700e+00 -9.840263432587772474e-01 -1.797604720199599826e-01
6.921598277897374196e-02 1.325102023617549030e+00 7.153072039639380986e-01
1.060477854415565746e+00 4.436558856148805852e+00 1.606850290082817434e+00
1.210099980011809656e-01 1.352503487463242449e-01 4.300588007260446322e-01
5.943835467135507589e-01 -5.578025461249498385e-01 -2.916264302214089388e-01
1.429123750979271579e+00 1.186763390168425358e+00 2.707613561649652167e-01
-1.715414854609253137e+00 -7.775759253969933837e-01 -7.487099425393423102e-01
-5.416531748489847864e-01 -2.699341229348331539e-01 -2.068332018547903717e-01
-1.657499944823607851e+00 -3.390856711023281234e-01 -6.781271268590824963e-01
-1.189368657309570754e+00 -1.164480818771589377e+00 -1.006939703662318442e+00
1.632091662184186998e+00 4.612446694442424722e-01 3.973972221604485933e-01
-3.390107718006514670e+00 -1.023412896644595449e+00 -7.515377746264757519e-01
5.519588844025201668e-01 -9.090474937867976113e-01 -8.840524238477720509e-02
1.683376786436627803e+00 1.193377291263091611e-01 -5.655906363845147888e-01
-2.256232056489257065e+00 -2.377585689467123509e-01 -2.037318656646206483e-01
-9.761399080108579263e-02 7.047953885716974343e-01 2.105413740530835132e-01
2.120341737240837521e+00 1.069285762126583439e+00 1.282476036302276690e+00
-2.890957714850796112e+00 -7.848103671278868765e-01 -9.389411266433755898e-02
-1.087674748314775952e+00 -3.338646211550057030e-01 5.219923253245659645e-01
2.776085107470646629e-01 1.418945101044817081e+00 4.878124341683339749e-01
1.482819236873583746e+00 -4.674769457406830614e-02 -1.418075672601780413e-01
-1.906573753561136231e+00 -2.290337984952759420e+00 -1.176739726420359622e+00
-8.047272372755380765e-01 -3.019458827127706968e+00 -1.636869303101958772e+00
-2.581979863660063490e+00 -2.201169831646179187e+00 -6.067930373954699697e-01
1.106141199588007940e+00 3.744121617708950911e-01 6.589668935822263762e-01
-8.144680290127022104e-01 -3.720892619971058468e-01 -6.203522851107802216e-01
1.870851877663510354e+00 1.985553426466891036e+00 4.899513360682770657e-01
-1.427125082858660576e+00 -1.637333219063032086e+00 -5.367518011594489824e-01
3.143944458242044604e+00 1.833420187408238089e+00 4.324458091374891455e-01
1.263493838799639502e+00 1.453395951544397935e+00 6.731351764012492023e-01
-4.417677570798308473e-01 -1.353927599613535371e+00 9.239624058237172477e-02
-1.151052934858376037e-01 -7.608324281984397974e-02 3.067497899392975236e-01
-3.515288868884575813e+00 -4.268725360756866039e+00 -2.390705210098886369e+00
1.235737902069269145e+00 -3.411880419383288565e-01 5.845331579878570993e-01
2.019040048298028633e+00 -1.167282832924293468e+00 -6.907730430593337356e-01
-2.930463328790307465e+00 2.644966414585790404e-01 -1.159058390803097416e-01
-2.239671654738683237e+00 -2.112464429211974082e+00 -1.200204210759429291e+00
1.093499809036469206e-01 8.643940364587525682e-01 -1.969868255690240266e-01
-3.825791545080446387e-01 -1.147298829329636283e-01 -2.698548422863593643e-01
-4.537838258556649573e-01 -8.559456091302447556e-01 -9.470902713008833018e-02
1.333485682564554908e+00 1.742541635828259716e-02 -7.195269622859600256e-01
2.685168500399601754e+00 -1.711837351093520587e-01 -3.485075187887527737e-02
2.228049427174776831e+00 7.863962390690689697e-01 8.438488292682135850e-01
7.779025767086839016e-01 -2.907825467184175228e-01 -1.568725436161347853e-01
1.094303737731171511e+00 2.913984059858026332e-01 1.193491854739726077e-01
-7.588754110724284241e-02 -2.306073147963399350e+00 -1.102639164532569938e+00
-9.202844765027126117e-01 -3.725850320857523879e-01 -2.584731178061281942e-01
-9.587441369659914780e-01 1.819293230031270303e+00 8.834432024307528053e-01
-2.759181824113609016e-01 1.202823393082521619e+00 -2.856037932116671785e-01
-4.792233976457935252e-01 -9.845179005862338961e-01 -5.232939489300656444e-01
1.518289102473299623e+00 -1.464434709256859479e+00 -9.307796153912023529e-01
1.385906296200220211e+00 9.446441300734017554e-01 3.452801808292678687e-01
-3.848990639694138682e+00 -1.272900235709645056e+00 -5.904114825294554114e-01
1.622939221004279509e-01 -3.093651946487185889e-02 2.464192298787633850e-01
-4.045846848269546991e-01 -2.016355237908638465e+00 -5.711727961274941645e-01
4.645119948123205944e+00 1.241805489841397714e+00 7.812556715447335209e-01
3.264285234530369895e+00 2.009497410894667713e+00 1.019855226334458465e+00
1.308670269636311279e+00 2.196067272750035215e-01 -1.576223816346431772e-01
1.078571737848336376e+00 3.575337412126743941e-01 5.344816716468236972e-01
-2.635316110137804646e+00 -1.249911207047925465e+00 -2.375533716544052099e-01
2.355947433805484437e+00 1.210084379104309882e+00 1.001615996031101297e+00
1.077395859784419319e+00 -1.152684971154771532e+00 -6.554092913781559560e-01
9.738135292541252319e-01 2.309181472370550825e+00 7.921484203965365456e-01
-3.849379575888535854e+00 -1.321162071443778174e+00 -8.116527589172319868e-01
-2.640617042277579429e+00 -2.567260953849173966e+00 -9.550244466334493199e-01
-3.390470559064798106e+00 1.142948982350707882e-01 1.504977073218803918e-01
2.087759237554406844e-01 -8.253296973923747171e-01 -2.077817191571907363e-01
-7.995235262907181006e-01 -8.945679910883030939e-01 -6.335244947012479422e-01
-2.571372987147709122e+00 -1.001571167065485213e+00 -5.775289783876444982e-01
2.133539896167865879e-01 1.317791515388703871e+00 -3.199445964693843347e-01
-3.186825795225004310e+00 -1.488020273592046250e+00 -9.036233718287647321e-01
-4.280196720543235855e+00 -3.530790389368942961e-01 -1.632289831228770360e-01
1.853165340085814350e+00 -5.106531060887722351e-01 -6.502250324881936328e-02
-5.688952467657718559e-01 -1.149336977908887586e-01 1.211189561542556081e-01
-2.585805718236671158e-01 -3.894387177812151379e-01 -4.352119204708571054e-02
-2.603050379113438506e+00 -1.566132841292833477e+00 -6.620580448404632667e-01
-1.045757565568494529e+00 3.302075484926482174e-01 6.708732894218433218e-01
1.947010164343879468e-01 6.105837374707570042e-01 2.342822136389791643e-01
-2.009572630123797943e+00 -4.827566496694236653e-01 -1.689476929168516328e-01
-7.493814761056236673e-01 -2.020882167986307043e-01 -4.245248013923779706e-01
-2.200807627993873972e+00 1.392946407533905973e-01 -3.174416850643552168e-01
-1.119876553544432607e+00 1.276154629615352754e+00 5.063157515228677852e-01
6.978963797986392770e-01 1.380495581034774100e+00 5.006672702403220931e-01
1.558866180906448351e+00 2.009482565382288977e-01 -2.561919529793181272e-01
-1.115168530440960648e+00 -1.648062189320211868e+00 -1.218524682757453625e+00
-2.375101895489799109e+00 -1.032787808267329410e+00 -1.239973410459642711e+00
2.138744733082743821e+00 1.056399338731582871e+00 7.011428020456189625e-01
1.980010465261672070e-01 -9.698686917126539964e-01 -8.145119817962220843e-01
-1.964451740105594757e+00 -1.164057155671851529e+00 -7.529140668642566592e-01
2.133849645496949332e+00 8.343129157271034213e-01 -6.541892188642978168e-02
-1.585196571155506717e+00 1.730729476198632932e+00 7.020195450739472598e-01
-1.516323709537527931e+00 -2.995519116447507901e+00 -1.334146574941117214e+00
1.846166997024127676e+00 1.608002144856481852e-01 4.449616447446509970e-01
-2.192871831154038276e+00 -2.105824255615707852e+00 -7.545817443363154187e-01
-7.239194867446119286e-01 8.232499588370695287e-01 4.834381763504383978e-01
1.342004259643590380e+00 -1.551031532912153788e+00 -1.456933247615979088e-01
3.171034980142400372e-01 -4.913011379173150006e-01 -1.073572130177825462e-01
-2.153254811961016202e-01 6.754357908071399741e-02 -1.074930320430642766e-02
-2.107411554910008977e+00 -1.168401616028474699e+00 -1.003665179566175736e+00
-2.004221791849589263e+00 7.178797008022699266e-01 -1.206648284817121164e-01
6.408932425041036218e-01 1.802932152377673680e-01 -3.919838223093352614e-02
-1.735943530748842223e+00 -3.444639681191206559e+00 -2.389918024654297923e+00
-9.797188535133161125e-01 2.727572903058429477e-01 2.245550396132015569e-01
4.438571714208325858e+00 2.334578315767962042e+00 1.456062474339661295e+00
-1.338923028300193385e+00 -3.220166928816387553e-01 2.958112711527436933e-01
-2.755958718384855288e+00 -2.355825664087024318e+00 -1.119455157011769231e+00
5.137480081202430160e-01 -6.660539346775704583e-01 -3.469823768865570313e-01
-2.187739047150447369e-01 -2.233191697791355734e-01 -3.729215211031728927e-01
2.410990030279269281e+00 3.032064754637341153e+00 1.726713194687273134e+00
-1.527160465854180194e+00 -4.317533771298426859e-01 -6.554094894110160108e-02
1.180187407809044409e+00 3.815356103062262916e-01 2.427849081918345697e-01
2.148698827343508810e+00 1.206565405563872151e+00 -5.909638079318207948e-02
-2.244923898802900553e+00 -1.240839199321718489e+00 -6.144211610972419857e-01
-5.832189444706292747e-01 -9.524901202679258994e-01 -1.375288877464589943e-01
-9.645660474248436422e-01 -1.268341109764065666e-01 4.056817257634302010e-01
2.834663174190669377e+00 2.143725759790524155e+00 9.780407397351116305e-01
3.558792864937925238e+00 1.591469134926674744e+00 6.119429719457140093e-01
-3.157654956258797996e-01 8.566269341477111832e-01 2.118974998570673507e-01
1.384259694033405097e+00 3.686256755279505026e-01 -2.235376250909185125e-02
3.092032367016699368e+00 1.513240652863778735e-01 -1.447554472683118543e-01
3.281888027298803134e+00 2.325084377041523709e+00 6.430964469765111380e-01
1.792762331351723804e+00 8.692729617998636860e-01 8.493368376118765051e-02
3.173083367650367137e+00 1.520132838679417731e+00 8.992144451153281093e-01
1.388803159238155116e+00 1.179127794045154998e+00 2.916858260289716398e-01
-2.417590892373371325e+00 -2.023320601322644130e+00 -1.074447379302812866e+00
1.890119069056505063e-01 -2.913624154080778905e-01 3.615510407514134494e-02
-1.512486630464885684e-01 -8.382085890399687544e-01 -1.007863778982125424e+00
-3.097603829183898649e-01 7.925489589954108904e-01 3.639199101245974011e-01
-4.187931030784511344e-01 -1.231130997911675129e+00 -1.206217093449388766e-01
-1.191053363088455441e+00 1.339353213293539069e+00 6.787823230946519182e-01
-1.956492461939517646e+00 -1.807395644213192654e+00 -8.368281786538790401e-01
-1.384399968703710959e+00 -1.624421436954650355e+00 -9.809424772889951960e-01
1.271281945973152583e+00 -3.996062637844291499e-01 1.478218485670629578e-01
1.565167647484154934e+00 1.004890959290096974e+00 5.290523074422573968e-01
-1.678141737057692096e+00 -1.680847305009264048e+00 -5.042928079687317711e-01
3.028385637757341264e+00 1.591224827888040316e+00 6.591175156724137230e-01
1.026256643577236227e+00 2.018785187107369872e+00 7.486832302347052881e-01
2.998338831223132495e+00 1.671076674499402670e-01 -9.776976348397425909e-02
-3.338954055009184518e+00 -3.461862638552379856e+00 -1.476034636010522094e+00
-3.023609139640255350e-01 -1.766251546642494397e-01 4.079992504469669434e-01
-2.555044846730267327e+00 -2.747140519588314955e+00 -1.425712497756322250e+00
2.629526136952937243e+00 2.901045452194018104e+00 9.299438484256943305e-01
-4.615717174894284014e+00 -3.400783264538461914e+00 -1.375464073646280205e+00
1.386425458814150913e+00 -5.598904903653798559e-01 -1.116260242260627700e-01
-2.461604719752304327e+00 -9.461382802207517484e-01 -6.123786038799544640e-01
-3.983780205824305032e+00 -2.804471745183436671e-01 3.028992286155042790e-01
3.836831432741512948e+00 4.377732526118187639e-01 4.806692345365830565e-01
-3.373436625931216071e+00 -2.426989340987714794e+00 -8.481945652144359249e-01
-2.221697657191537556e-01 1.433115563059308872e+00 5.106142864413137916e-01
9.039543224282049760e-02 -6.471620681503628125e-01 2.468194087475817367e-01
1.602610328484622038e+00 1.699576940786396317e+00 6.388917590557694481e-01
-6.861857789404822439e-02 1.014544184776098978e+00 4.160668648549593618e-01
2.816907981379905390e+00 1.112870318485370547e+00 4.972337392729572203e-01
2.180106029463134032e+00 1.277917595742489532e+00 6.434336810648063620e-01
-2.051777612583808086e+00 -2.078247431580238835e+00 -5.613673589465878466e-01
7.177215445828356577e-01 4.068710985361517207e-01 -9.262160943367928057e-02
-2.218501791065849549e+00 -8.144619020376836493e-02 -6.630018317677670581e-01
-1.903280291117734224e+00 -1.798721787322279164e+00 -6.313865255876736082e-01
5.614045182678808338e-02 4.424139944221399667e-01 5.173356966875519714e-01
-7.943686165801921995e-01 1.013092993100518924e-01 -2.114257441073741361e-01
-2.856064488376111932e+00 1.747598966057861247e+00 8.053298707269329615e-01
2.689445239413317701e+00 1.659192989057655110e+00 7.863913007445763048e-01
6.683264067995746682e-01 2.055901688415897155e+00 1.005539264917620024e+00
-1.225286744978334008e+00 -8.592266757482440731e-01 -6.097584262610411532e-02
-8.623122278200562318e-01 7.510821274909051937e-02 4.982886114226235397e-01
3.151019907749991855e+00 1.041938752994176348e-01 3.126451925259635667e-01
-2.959770331501497820e-01 1.640790981249861669e-01 -2.803782280623325907e-01
7.319143831114061083e-01 -3.071293695635569643e-01 2.708048526173095771e-01
-9.170364448146564040e-01 -1.201412557297480144e-01 3.279368833182317866e-01
2.304884322795488938e+00 -7.580412299203801441e-01 -3.548062349729713127e-01
-1.968850259328142505e+00 -2.437683479812343457e+00 -1.084694884934114700e+00
5.231160809198188710e-01 5.575802885151762700e-01 4.589393852457576140e-01
1.920228572774508757e+00 1.351460208107292837e+00 1.461821378730056020e-01
-6.746521788270469777e-01 -3.777471734888702137e-01 -4.043625682441539526e-01
7.580762805049626740e-01 -1.439840745528284671e+00 -4.688620668594648544e-01
4.473800405828820104e+00 -2.077310283338315577e-02 2.941527870929939725e-01
-1.300451465289802933e+00 -2.691774392988895426e-01 -6.888919155272541506e-01
-1.216581698664250116e-01 2.192902348417197222e-01 1.303524269843281402e-01
-2.867547348152021947e-01 1.407225629792881572e+00 8.899067099397725000e-01
1.779363859190185471e+00 2.537707043129883155e-01 5.457870252474718020e-01
-1.151708696925242803e+00 2.534657613377364060e-01 1.666474340265816645e-03
3.136286909878607115e-02 2.765111667232383885e-01 2.585878235886696075e-02
1.231768381870178564e+00 -9.194671759679446943e-01 -3.622705960275818260e-02
1.920525418783605387e+00 9.949929691051547787e-01 7.946742586097680361e-01
3.081856488640994929e+00 2.983588514478088261e-01 1.467272256401832009e-01
-2.369684931809848738e+00 7.642116601450911206e-01 3.583806037166519243e-01
-1.897899494431518175e+00 -2.600011962058944803e+00 -1.151475588575991527e+00
-1.369158835221998327e+00 -1.218140968583301786e+00 -3.761979967857169704e-01
-3.854147965848083057e+00 -2.714289417939996785e+00 -1.209087515461254592e+00
-8.604682733573145725e-01 -3.452224732095372506e-01 3.084973192449389501e-01
2.519958797533371708e+00 1.140723818975250214e+00 1.114042529913608304e+00
1.400642877255951824e+00 1.633403490464941266e+00 8.356969960595234115e-01
-8.094147113375357305e-01 -6.582029542741627548e-01 -1.671848909029873820e-01
2.266130117477090256e+00 6.379711026776455629e-01 6.517273520123598729e-01
-4.226557339980364425e+00 -2.258308767859571464e+00 -1.298655891590095646e+00
1.504175499981168285e+00 1.091379988102528342e+00 4.557104113623945407e-01
2.243388935981398991e+00 3.478031974501919699e+00 1.489912766589447157e+00
8.963451436405217576e-01 2.758558477110978568e+00 7.476966090913872431e-01
-1.243419211972725202e+00 -1.110305550431488264e+00 -7.317422226880269109e-01
-1.784892048614347582e+00 -1.905680562740613260e+00 -5.463582190856319798e-01
3.726393984438352458e+00 2.561355615406557540e+00 1.065080207703865467e+00
-1.856317411060996458e-01 4.665907181769051171e-01 5.684446246780638923e-02
8.820166746982863737e-01 8.478147881875420788e-01 2.603275324033136329e-01
-1.994074557898755096e+00 5.720747832887184137e-01 2.968435723748194532e-02
1.232854324894047948e-01 -2.912918838015496337e-01 -2.453610548085932153e-01
2.949063309887068218e+00 1.481363322082034362e+00 8.642089061575286557e-01
-1.556018799913937656e+00 -1.963237579708719815e+00 -5.837395617058186437e-01
1.106828275352119473e+00 -9.848052732413759003e-01 1.200314401065141201e-01
5.998925936970423978e-01 -9.566847501055537883e-02 1.925045132973120521e-01
-1.176756409887491861e+00 -2.655532351992119899e+00 -8.053264757281251018e-01
-1.406948905601240307e+00 -7.068501304357718285e-01 -2.348340570204063282e-01
-4.321326390502491788e-01 -5.725199631070240214e-01 -2.045188053945761475e-01
-3.453410453591114204e-01 9.109887002838984449e-01 3.950998465363394496e-01
-2.582176525378431009e+00 -3.777833365054262593e+00 -1.220635711080453323e+00
1.381130094116227225e+00 1.471516275402137808e+00 5.112768470458005643e-01
-2.093518515176985950e+00 -1.508380058498053788e+00 -6.315750213729276474e-02
5.179462090243243111e+00 3.172636738972066883e+00 1.399934680233743789e+00
-2.116118063156367413e+00 -9.626935134768963565e-01 -1.930259690318091581e-01
-1.070049379500778608e+00 -2.650243579920549819e-01 -3.573859245569640519e-01
-1.314427421269792173e+00 -3.778215030879476521e-01 -2.838869538458753672e-01
1.031040182040686481e+00 -1.191325864412811519e+00 -8.100190904174040529e-01
2.765275408289887604e+00 7.494997948503520080e-01 6.834504432777473992e-01
1.036624117461311334e+00 -1.197360771548466651e+00 -4.794698251676262069e-01
4.650483510451932645e+00 2.911961244979632824e+00 1.868251724437547612e+00
-3.392199734842986203e+00 -1.168687528784075474e-01 -4.464436588889501012e-01
1.732617094863946605e-01 -1.206033191393600879e+00 1.961021075074353970e-02
1.847813913389537710e+00 5.427966807066436639e-01 2.027057233405110404e-01
6.212843625938359038e-01 1.566022932069596640e+00 4.623368469598164721e-01
-1.399041818466963516e+00 -3.717531289397622007e-01 5.073963856645569148e-02
-3.277730798829947001e-01 -1.288869882354646723e+00 -3.158097314820296209e-01
5.559239792879501207e-01 -3.873368062036588455e-01 3.902411108582004018e-01
3.154699698223716986e+00 1.283930299677411790e+00 7.611909718373114364e-01
-2.110118452658384047e+00 -9.571080968962134561e-01 -4.533017624294698456e-01
6.156766320466677822e-01 -2.960413523629860100e-01 8.104141628856571800e-02
-1.845110685678254259e-01 -1.310115106693335307e-01 -5.009337557570178179e-01
1.547057656599901021e+00 3.517718332625336952e-01 2.676688492084522419e-02
-4.358066865446095228e+00 -2.209999845718839229e+00 -1.037115727583780567e+00
2.505247335106282502e+00 1.014387122874968322e-01 4.364214620600748162e-01
-5.028006338479870108e-01 -6.762291069363625118e-01 -6.838899546362425808e-01
-1.039053318660290381e+00 -5.714863377283919688e-01 6.903192663713272892e-02
-3.418258704679947968e+00 -6.092616925825936613e-01 -8.699289306238335850e-01
1.807470275770535428e+00 3.281747102343889888e-01 2.145904889083961875e-01
-6.562805639556734683e-01 -4.324154038646379483e-01 2.766684990608242467e-02
1.077394003969759595e+00 5.178123962828941051e-01 4.889658171798517139e-01
-3.510278908198931624e+00 -1.286350962230723871e+00 -1.357992249969286469e+00
-1.107834874263069036e+00 -1.726205317730352462e+00 -9.552604461323331853e-01
4.508496765257123506e+00 4.051577175708263923e+00 2.097275884803476931e+00
2.059079381314697255e+00 3.849779198961273075e+00 1.957687519279813104e+00
2.058047409997243726e-01 -1.317624886880001789e+00 -5.941127966120079984e-01
3.789774780912583019e+00 4.063460462231329728e+00 2.250540276812408536e+00
1.647386773078827638e+00 2.024953977355546109e-01 6.014495519876155161e-01
2.911153302369104079e+00 1.706445978843850853e+00 8.278146925805506262e-01
1.303438928783418715e+00 2.983773919052251089e-01 7.006041178369865063e-03
2.453517139705235994e+00 1.236682752614886915e+00 5.145236928747908278e-01
-3.472450672572751973e+00 -2.615439155919332848e+00 -8.473053505652656803e-01
-2.253449498802861051e+00 -1.526126489719468404e+00 -6.129423733160538346e-01
2.298646967166675381e+00 1.599390811514646460e+00 8.422132961650171668e-01
-4.798510120065331286e-01 -4.765946335890464125e-01 4.676736436234998906e-02
-2.581117747383903538e+00 -9.042235975670286363e-01 -1.460732982181522921e-01
2.459653294669086776e+00 8.899331570270598846e-01 2.253976801803292407e-01
-7.645493550531107241e-01 -6.077720046638742657e-01 -4.193963913349496031e-01
2.240924734232974558e+00 1.334129720362231986e+00 7.208387536985143562e-01
-3.152827923395959520e+00 -7.180661024605404785e-01 -4.496465098894864010e-01
6.335940121235765776e-01 1.878840043109855307e+00 8.534858553070963083e-01
-1.101737899053440994e+00 2.772119472011304597e-01 2.588168097377673282e-01
2.722592650727662100e+00 1.520334007913022312e+00 3.354134217234434612e-01
1.699123111014180010e+00 1.055975287345332969e+00 4.831480116888113296e-01
5.893259911886027380e-01 -1.120821108465808846e+00 -2.592933380204943683e-01
2.982089159701427405e+00 9.031787022562355605e-02 -3.848025518945369372e-02
-1.406374974083275164e+00 -3.551962451312687397e-01 1.166530508338699534e-01
1.468889320973016277e+00 -1.104226059831402429e+00 -4.688937898779051983e-01
-3.340879408284969543e+00 -1.957130287578445205e-01 -7.394883816943342847e-01
1.473450892776646315e+00 -3.370525012397632691e-01 -1.116284537104230007e-01
6.947897852937673369e-02 -1.254000431901611257e-01 -3.373174975051179691e-01
-2.618741981082046699e+00 -2.949047256883918777e+00 -1.289221226669026610e+00
2.621701516357364259e-01 5.959423437541333524e-01 2.007303824334331632e-01
6.338503274208013849e-01 4.453559180554991781e-01 -1.272760595719115984e-01
-7.421486590232937441e-01 5.761950334710344013e-01 4.450645161652125870e-01
2.752229419288394041e+00 -1.602690628481047708e-01 2.259995271916780957e-01
-2.349328012930243403e+00 -2.050420038809298795e+00 -4.561057597252199391e-01
-1.210743803479317426e+00 -4.768354129716056988e-01 1.421153233237314184e-01
-2.812476302335417122e-01 1.040501660247374449e+00 1.143465836431118987e+00
-1.084752388171282833e+00 -6.567444095784262525e-02 2.611427732760591702e-01
-1.020110858884489602e+00 5.159973373831758803e-01 4.543447881439479641e-01
1.790207530859377894e+00 1.417417547085542795e+00 6.029305148494938926e-01
-7.925772475193494371e-01 -8.203265510062690558e-01 -5.569237897245388202e-01
2.292513334090256372e+00 -2.796713067251509477e-01 2.103582993114839483e-01
1.811155281341082057e+00 2.881798525249860798e+00 1.362260046865663599e+00
-3.055545787991603146e-01 -1.048227839159239644e-01 3.069034187235494260e-01
2.682875217735133599e+00 2.282748999142425461e-02 -2.939323148307224631e-01
-2.648917113793665568e+00 -5.437393711124154372e-01 -2.637645598063562691e-01
-3.461661928357165241e+00 -3.542440939216211060e+00 -1.943190526232877247e+00
-8.196959302261945801e-01 1.975196205676618133e-01 -6.974171952098787708e-01
-7.443985433006354846e-01 -3.212571922033585992e+00 -1.548579688575604463e+00
-4.098261118504582967e+00 -1.529681663127778091e+00 -8.647886770982528004e-01
-5.871737974727436749e-01 -7.103670407078691573e-01 -3.007648511728178153e-02
-1.031280310389600663e+00 1.612313937916842466e-01 9.096526252428291381e-02
-1.700557559220454706e-01 -2.112268161036792602e+00 -1.392919975832268342e+00
5.034806913381088656e+00 1.905569978697822631e+00 1.211272094627200868e+00
5.616727831392621662e-01 -6.274579353858540376e-01 1.937907680782888220e-02
-4.000199252876622147e+00 -3.029628621853562631e+00 -1.211951205679238086e+00
2.991358049901554850e+00 3.547993467686857194e+00 1.449719683990067676e+00
-6.635501877075249411e-01 -3.291690990868433864e-01 1.259235933337277125e-01
-8.158554111991437319e-01 -1.524643719310408985e+00 -5.564873351845986971e-01
-1.219742300289444747e+00 -4.621410494521904222e-01 -4.771611788405651922e-01
-3.271359614714954400e+00 -2.396634812450437746e+00 -1.081497916777354407e+00
-1.514419654421761630e+00 -1.795299423554476803e+00 -1.254746265065205701e+00
-2.115777035284537089e+00 -2.104766405864348933e+00 -8.568640624681977958e-01
3.948008836857750392e-01 -9.244088409593361755e-01 -2.808546411617491856e-01
1.317569424311555215e+00 1.070930545448868010e+00 2.086092270161093443e-01
3.036696868969576801e+00 9.161264166381994922e-01 1.034951745683708513e+00
2.344593917450321197e+00 2.147216666012212283e+00 9.507496152045484816e-01
3.215175343101039362e-01 2.000299066898199918e+00 1.308095508847949118e+00
1.454023895240578845e+00 -1.019753025746985148e-01 -2.957088123374254085e-01
1.143141947050809959e+00 1.135678975066633845e+00 5.594633178366301696e-01
1.239532444566380898e+00 1.002213823603939069e+00 2.253486968484318953e-01
3.937612864102457255e+00 -4.923184620087541763e-01 2.307565468770084172e-01
4.618341644259347234e-01 2.666634384274299663e+00 1.304568867610609528e+00
4.942298109241772264e-01 -6.526271852345262303e-01 9.690565919549434803e-02
7.252466224583778986e-01 4.285603064515919325e-01 2.554175790724579342e-01
2.013536643843395701e+00 2.441589739717467289e+00 1.093420118190295387e+00
-2.836788171079888787e+00 -3.568015322035030801e-01 -4.042167908785599950e-01
1.781452031488307997e+00 4.786521481034594072e-01 5.124199913190056188e-01
-2.038621684017551061e+00 -1.877097570592208386e+00 -1.009915702915424429e+00
2.170117183840482855e-01 5.367720087226123260e-01 4.255722549567733659e-02
8.445174984506174098e-01 9.363352175472772210e-01 1.238558160555201404e+00
1.843005431778218739e+00 -7.873967932125741642e-01 -5.195932674538711327e-01
-4.344835075956454240e+00 -3.160939123200029677e+00 -1.525365101218609354e+00
-8.460519235467863775e-01 -2.755593762224872734e-01 1.446832352062141225e-01
-3.196285841622717783e+00 -2.278191903627184711e+00 -7.909296483209635742e-01
2.402200217646429881e+00 7.433783835218842340e-01 7.976579873940111698e-01
-2.172125672176747013e+00 -3.425118780682661512e+00 -1.637649533494116127e+00
1.449156832751875845e-01 1.639150793458126865e+00 4.567662032608834632e-01
-2.230870858582418570e-01 1.147829788913419691e+00 4.693345332003176495e-01
-3.379876235886390967e-01 -6.423840364963837590e-01 -5.731817722948143734e-01
-1.483908663827931962e-01 -2.077186726377173276e+00 -1.233011239824977956e+00
-1.781423748028499565e+00 -1.051637961854848258e-01 -1.448372711481519248e-01
5.396211361165156317e-01 1.599912081372015571e+00 3.587598441176737540e-01
-9.040660332918691866e-01 -2.001372122779160545e+00 -9.170305558833202753e-02
2.456669881807125311e+00 -7.311092506628459331e-01 6.306490345335862280e-01
-2.448820388049851360e+00 -1.864297331388079071e+00 -1.622329136485072487e+00
-2.230069676645596299e+00 2.585435389312810694e-01 1.778106564237189602e-01
3.317486216902332252e+00 1.831036275924191603e+00 3.638177783127576892e-01
-1.082655351297639124e+00 -9.163834820479806187e-02 5.214514414207745141e-02
8.584658451772070320e-01 2.579635174793168062e+00 1.056139485767237929e+00
-1.084576100893623885e+00 1.828965507806443735e-01 -1.740851443462601567e-03
-2.765861100369264136e+00 -2.690099433503046811e+00 -8.798172256975513861e-01
7.092082224225433329e-01 1.364606445943394419e+00 8.189615173133618642e-01
-2.145893899094282187e+00 -2.506467686971289410e+00 -9.184783994657576001e-01
-2.689053266487279714e+00 -1.517242303661809899e+00 -1.231622329069636201e+00
2.498720105936066638e+00 1.833787869123416403e+00 1.133587665190839200e+00
2.387617154510487394e-01 1.831597097669170338e-01 1.152128087921402005e-01
-7.018256239444052580e-02 -8.451426318348059796e-01 -5.274581619801301802e-01
-6.087455845088256545e-01 6.842256241516808668e-02 -3.281109252685224797e-01
1.392639201093063273e+00 -1.478846665432448915e-01 -3.201810391436006320e-01
-3.270419080902863040e+00 -1.010077137913126810e+00 -9.696442223542487415e-01
-1.670438517482265572e+00 -3.437188187296462694e-01 -5.687984729867978650e-01
-1.607774483130852916e+00 -8.731800178076257746e-01 -4.389383085405814677e-01
-6.991476496011904684e-01 9.510859298779034132e-01 6.451234497438900206e-01
-2.508930709551077332e+00 -1.374365788024002333e+00 -4.376056814287132002e-01
2.572367722385411781e+00 1.495352315347229677e+00 9.930522279329468960e-01
-1.034458965639118322e+00 -1.043569842766844502e+00 -3.057024399413353355e-01
-3.046211028159158118e+00 -2.989708001548434080e+00 -1.214514507985913205e+00
5.498474368099514065e-01 5.068350700944762588e-01 2.554448863489607313e-01
1.664969993811427518e+00 3.025776758521012688e+00 1.238354696339326377e+00
9.025460544596672907e-01 -1.065576853984761874e+00 -5.040175052077435769e-01
7.801513471050094406e-01 1.654588292985539999e+00 1.345203767091203595e+00
-1.258311853025757099e+00 -1.355020027443511799e+00 -9.494320550363741784e-01
-3.248844678674577269e-01 -5.674447365035814039e-01 -4.712477294462765198e-01
5.889377867580011111e-02 2.486426877816493963e+00 1.586760130835584315e+00
-2.403149154590178416e+00 -1.622502364206195091e+00 -3.614698341872162879e-01
2.057842538123661136e+00 -1.046649988610022092e-01 2.594202427059464355e-01
-1.284300667689969089e+00 -9.805295651437777593e-01 -2.841943710124033018e-01
2.869740056885828672e+00 2.994054231806970723e+00 1.002624151534703634e+00
1.053746250732554346e+00 7.458263341374360422e-01 -2.489581324352708180e-01
-3.627966614761740427e+00 -5.916651326419779533e-01 -2.393983127434243241e-01
-7.677359197526626433e-01 -2.145286795678212677e+00 -1.513070692897886982e+00
-1.328913635312043651e+00 1.514925599920695365e-01 -1.000319333334444838e-01
-1.410116499271190760e+00 -1.305522777981090954e+00 -1.295059882459430600e-01
2.297147409654154981e-01 7.264469836287998361e-02 5.182227714394892909e-02
-2.516271101145086231e+00 -1.477523370958926163e+00 -6.785693475050812440e-01
-4.197343923007657018e+00 -3.144204166084883845e+00 -9.123591274224482905e-01
-2.207104314455802019e+00 -1.408871957255443785e+00 -6.123686274805274499e-01
-5.777763510828825000e-01 8.832755079390453012e-01 1.282955989451255996e-01
-1.691663077228001910e+00 -2.834777252544040227e+00 -1.245049727412619767e+00
8.232698166968103193e-01 2.958797130015067278e-01 -8.727352791295549250e-02
-2.736128742267430081e+00 -9.535384079134007207e-01 -5.409677667826472414e-01
6.861406679771254735e-01 -1.332882389517196786e-02 2.771918544795619610e-01
3.178691598180138023e+00 1.625502359141081543e+00 6.553262888718485168e-01
2.120282976473725878e+00 1.046684710787043615e+00 5.485151949333373356e-01
-5.349857318217786650e-01 -1.036358680580339531e+00 -7.843724232816581265e-01
-4.629005591719203672e+00 -2.273895220797321315e+00 -8.225170850592717908e-01
1.102722968440146945e+00 -9.781128040741233765e-01 -6.801462304710899076e-01
-2.283867509820473318e-01 2.221730758600604094e-02 3.993540484703284044e-01
2.264030680517524097e+00 2.568860431046623205e+00 8.880152110429949674e-01
-1.357349460069255144e-02 -1.462162595534498566e+00 -9.254973531643345686e-01
5.323565387905343504e-01 3.738797726635648133e-02 6.277159803061091448e-02
-1.928903803923022853e+00 -1.179551980267273814e+00 -3.609687231757305881e-01
1.282887286134863913e+00 1.253735679997453945e+00 6.261558677243879156e-01
3.175274433058559165e-01 -8.737478302793415530e-01 -1.938689010956053116e-01
-2.805859653299946355e-01 -9.554044526999976306e-01 -2.577994283825144062e-01
-2.245015834791260545e+00 1.817358236501368296e+00 1.499350319011339749e+00
4.495003929355135264e-01 -1.960341216322440960e-01 -1.258442890354423416e-01
2.972345290434910137e+00 1.800570256802728197e+00 9.332456313425501193e-01
-1.487354829697086656e+00 -5.255590653863635442e-01 -1.822196009674477701e-01
2.240544818466910115e+00 1.968094871883608654e+00 1.408856018893232864e+00
-4.722596669077783194e-01 -3.633920292782358286e-01 -1.866918733230477356e-01
3.952266035015095991e+00 1.430694493554578672e+00 1.660766999872331118e+00
-4.898307257250211322e+00 -1.506462776016526783e+00 -9.845907553633100884e-01
2.083225501262068402e+00 1.830942370763447569e+00 8.401106426669228133e-01
-6.978281693221235482e-01 1.335506271619043783e+00 4.762895202368312431e-01
5.145271697140663125e-01 -9.012969935842424229e-01 1.395370523081274072e-01
4.985796033606717970e+00 4.876241483712281166e+00 1.757247537619607058e+00
-1.536373484960225633e-01 -1.188045092331972974e-01 -3.990291638739206226e-01
-1.535560859702833625e+00 4.247015319548230194e-01 2.455820264696295663e-01
-2.435869408885034948e-01 -5.193090895565486420e-01 4.210536844355969310e-02
5.908782182515132098e-01 -7.315253539209829459e-01 -3.285885783058606902e-01
-6.015882038436222157e-01 -1.092566065885461901e+00 -2.918999365681784197e-01
-6.433091244689120858e-01 -5.659735856386011177e-02 5.875515622804131644e-01
-3.528912437719976758e+00 -1.941644384235970300e+00 -1.051935731088083692e+00
1.907924973394415247e+00 1.059171921389962190e+00 2.216854770575610867e-01
9.200813061981087948e-01 8.744970587038691789e-01 7.216244968937375326e-01
-1.194247334502728380e-01 2.012620421820442429e-01 -1.385014159575985171e-01
4.406306709604431049e+00 3.479822137300362606e+00 1.678271175062669318e+00
-1.247923214157061533e+00 1.943951731718188414e-01 -2.651603375983309085e-01
8.285453794273563988e-01 1.027474835669645925e+00 4.861742159860889534e-01
2.604548458481273254e+00 1.078519517671528316e+00 6.835127050637946899e-01
-1.553506860225716046e+00 -1.783729108326082224e+00 -4.194856974213035938e-01
3.476131055967882411e+00 1.758049880982261337e+00 8.355060050613080103e-01
-1.672295125106402436e+00 -7.562278694267268175e-01 -3.039174534181051102e-01
-1.047618270910484872e+00 -1.402382528176620458e+00 -1.008383237056159620e+00
-1.109849637265084787e+00 -1.453840041411809780e+00 -5.643862166354154386e-01
8.777512933600806200e-01 -2.624875482310085051e-02 3.578650440799281685e-03
-6.070044098021899481e-01 -9.718165442583951430e-01 -7.630131078315824933e-01
-3.299268955785285673e+00 -2.621913267137549131e+00 -1.645030136060798842e+00
1.286414657963816266e+00 1.855420636171093651e+00 6.481975374906181475e-01
4.896981703959815135e-01 7.949669623165045440e-01 7.433206913127710092e-03
-1.251263314062023069e+00 2.684524462683976487e-01 3.376107219103011703e-01
-3.552515801808390883e+00 -7.847883143876013268e-01 -4.320934313916786063e-01
-2.417622611592022963e+00 -5.936791148380220484e-01 -3.878669071300245297e-01
8.580790280526114921e-01 1.008250719832460007e-01 -1.853344150793141687e-01
1.733270505781490556e+00 1.525268333554156808e+00 5.034477646517871996e-01
-1.803911678907276883e+00 -1.378750598046462272e+00 -5.845834631584809760e-01
-4.521915895964118803e+00 -2.397029622687266492e+00 -8.491117780026480322e-01
-1.784225160949839184e+00 -7.198733951439577616e-01 -3.538723976127178816e-01
-2.299426597098717995e+00 1.803820367052282742e-02 -3.365494744773105118e-02
9.864836607997063966e-01 2.116567540018695848e+00 7.552585251370970143e-01
-1.937794960221740581e+00 -1.522595666399013004e+00 -9.647619260529516350e-01
8.411433343207663782e-01 1.534566155831772694e+00 5.715166373526587851e-01
1.232745292288458305e+00 -2.350380742530062961e-01 -2.013170339301261214e-01
9.112662292414339671e-01 -9.497294019257103148e-01 -5.001754540219991441e-01
2.734202231155523410e+00 1.349459026289611563e+00 1.192585601858147992e+00
-1.343432766149954327e+00 -2.406372581485288209e-01 6.435859605434324227e-02
-8.474907624575199749e-01 -3.454998989841944645e+00 -1.807559766854962779e+00
-1.710561652366040741e+00 -6.218526728715986218e-01 -2.106394273333642153e-02
-1.060682598745701144e+00 -9.154292541173200126e-01 -3.970611013580838122e-01
-1.708119869433330384e+00 -2.443154206005059059e+00 -6.178825651495811755e-01
5.776048802359371459e-01 -6.001678491619339972e-01 -6.198822036274553859e-01
-2.022784375103039434e+00 -9.102290985409033919e-02 -6.171644641042584034e-01
2.399302480234151602e+00 2.761421167835717005e-01 3.974415368287844696e-01
2.356606184615039457e+00 8.898129718741071281e-01 1.596763693279071861e-01
-4.092828919011667343e-01 8.931975255740769448e-01 6.997881106892333003e-01
-8.741889667378265338e-01 -2.536846845272313633e+00 -6.578336041815920909e-01
2.481486531991987654e+00 2.376837399152705199e+00 8.441736742653669356e-01
-3.282352049296729746e+00 -1.382795513926969200e+00 -6.741741096472377848e-01
1.293809263569363877e+00 1.075841408809940225e-01 -2.446028759090221327e-01
-1.908995518699156291e+00 3.535756592320726810e-02 7.979240189401064220e-02
-6.989355578795750645e-01 -1.744307439453322894e+00 -1.225864145837882280e+00
-5.293801289257784148e+00 -3.357511151911674041e+00 -1.367955471296263825e+00
2.087732862012685153e+00 1.055044724908887455e+00 4.576030994317289435e-01
5.955120043748980407e-01 -1.302014970245229719e+00 -9.829041673892160436e-01
-2.581646912621850642e+00 -2.105910842834300301e+00 -4.432953062069197592e-01
-3.157993527782926968e+00 -1.823414528015517622e+00 -9.601462739860522344e-01
4.466152618074318847e-01 8.294947785668008722e-01 3.182938500357040401e-01
-1.607077811783934829e+00 -1.608152779516769604e+00 -7.132003703008678031e-01
-1.846918039335151196e+00 -1.162279524248115425e+00 -1.048134041073742528e+00
6.546354404836079999e-01 -9.708278023416005986e-02 4.024165061759411577e-01
2.048730877541647288e+00 4.065729190377137314e+00 1.671852668603379222e+00
1.445735003918277695e+00 1.243463574162572582e+00 1.294017404770000934e-01
7.210533301241714987e-01 1.797925755316456264e-01 -1.290558245425074690e-01
-1.708043084718327442e+00 -2.613456067134967142e+00 -1.353043828697583661e+00
1.679494363397282530e+00 1.726902734508215964e+00 1.324363553695417695e+00
4.467194188814931355e-01 7.656087855427018418e-01 5.692182072133235016e-01
2.700376241585045189e+00 1.024860656209440890e+00 4.391524490327587404e-01
-8.253480425465785641e-01 5.092991152505965680e-01 -9.443024392590823601e-02
-6.898487048291642720e-01 4.064110601789878707e-01 3.346921418587162078e-01
-1.040742621485504227e+00 6.802954057608183724e-01 5.289297842505039648e-01
1.140381497977447145e+00 9.125911187008415304e-01 7.035440969050019699e-01
-1.333452603640842948e+00 4.315940860821716463e-01 7.881073801893687114e-02
1.739524363456062206e+00 1.390831180759357633e+00 3.400900440299002847e-01
-1.185841494872252877e+00 1.613897885142816790e-01 -3.870403124965843267e-01
2.319796995822409169e+00 1.585341880994201924e+00 7.741720483323136781e-01
1.283930609724517058e-01 -1.194529771761865033e+00 -4.892140246353701150e-01
-6.012484757877839536e-01 -1.601444205775366614e+00 -6.527433277954718394e-01
5.044835523443890191e-01 -5.949814063119621688e-01 -2.615083845531336326e-01
1.175302897574260319e+00 7.832112779315442141e-02 2.687050758979147025e-01
2.349405783900673672e+00 -1.936743185354760088e-01 1.983561694048598667e-01
-1.432199403281273042e+00 -2.046457795372987609e-01 -8.259000622663494051e-02
1.371918691589002259e+00 1.622530892078982712e+00 1.074423584271296139e+00
1.599385703053757934e+00 2.448925181117077021e-01 -2.748503345288897948e-01
1.154607783664589160e+00 7.263393723717392891e-01 4.953288439442150026e-01
2.785095458500882692e+00 1.488364899970745781e-01 2.208352164478983026e-01
-7.286394326365515095e-01 2.558672084621123610e-01 2.060719088732267806e-02
1.850705880170328665e+00 8.646764409015155195e-01 -8.363687067660935393e-02
1.594584057341995820e+00 7.515839200505989304e-01 3.644217053764398639e-01
-2.016145485638999091e+00 -2.202056020803506264e+00 -1.204201295802824756e+00
3.670964610416013185e-01 4.131174354251414549e-01 7.212412607375727758e-01
1.980574786006095378e+00 2.777435555475080253e+00 1.618929782146456331e+00
2.039291467544823266e+00 5.564226054139935762e-01 4.290224487432251488e-01
-3.077448199687075059e-01 4.835808268464555915e-01 1.964742091692782133e-01
6.419872598527691654e-01 -4.844534209192989938e-01 -4.961609180217586568e-01
1.040786563456328785e-02 -1.288541752414996910e+00 -9.705275013247982585e-01
1.050260710987154011e+00 8.681990857324655142e-01 6.282373617924530418e-01
-4.154718714392346413e-01 9.276992983383960389e-01 4.094627330241457086e-01
4.535935302923837543e-03 -2.991923370942465299e-01 -2.201464472631208258e-01
-1.754746970978075860e+00 -1.979112241297752650e+00 -9.052309410508890819e-01
-3.205672521056335711e+00 -8.962656825573176445e-01 -1.082429662918823254e+00
8.553927684214691629e-01 1.430741625171044085e+00 8.691678651170092751e-01
1.483858210943393985e-01 1.248629955153178983e+00 3.494525980551123068e-01
-1.988805852335967961e+00 -2.821704110520665054e+00 -7.048676988726911841e-01
-2.315914405911612128e+00 -1.169389503817717557e+00 -5.186075237954024253e-02
-1.831943054801504767e+00 3.488416353230385236e-01 9.490239053177624839e-01
1.497671295064779473e+00 1.973082851390497661e+00 7.477081905830238462e-01
-3.782554062418207685e+00 -1.187477997613851644e+00 -9.453372119800220741e-01
-1.942870153383398302e+00 -1.829990244848163528e+00 -1.137029016432368644e+00
1.559504187340793990e+00 1.305817246533656384e+00 6.450253941426057347e-01
-6.356889108626689877e-01 -4.595219195724727923e-01 -1.607581238280082481e-01
1.408566446199856825e+00 1.421167456385968419e+00 3.946207120636670007e-01
1.526861753772184027e+00 -3.359063221222767237e-01 -3.359344740785459305e-01
-9.509876689130691840e-01 -6.409962836235436612e-01 3.221797131649456469e-02
-2.084749355273171734e+00 9.855074026051025005e-01 6.912133947235152842e-01
1.112522999717988403e+00 2.432827008362166143e-01 3.976138046045144536e-01
-8.127951978174609016e-01 -1.482939012155692904e+00 -1.309136021763408486e+00
-2.725807425503246062e+00 -2.747673181557181987e+00 -8.659778469725670780e-01
-3.532668546226925610e+00 -8.098193304286289695e-01 -2.532820984627809358e-01
1.606870670440011306e+00 -2.394836321581759631e+00 -5.759492548850471128e-01
2.410816825711311617e-01 9.600241896645208550e-01 4.269772314272675118e-01
1.078338446822844521e+00 -1.494308318093247712e+00 -5.846668952816037601e-01
1.997755302545199119e-01 9.667449087429607069e-01 4.737411895625789349e-01
-1.967014536169571004e+00 8.110859994890937674e-01 2.890153726520926503e-01
-1.764689134786311397e+00 -1.910142518216104479e+00 -1.071036214924610208e+00
1.720370951934147907e+00 1.330269064382012090e+00 8.848338534069215555e-01
2.971831182175419084e+00 -2.446446418686357149e-01 1.558802925179899046e-01
-3.044726594363703409e+00 -4.134859926473229974e-01 -2.358212642768661160e-01
2.929910694055475329e-01 -1.073905947345745959e+00 -1.037152828049652808e-01
-8.635550888680385562e-01 -6.368051957687483888e-01 -3.780231960633621546e-01
7.459492386771421346e-01 1.724266973829878147e+00 1.119536413794256502e+00
-5.201576411484016838e+00 -3.398218699348062977e+00 -1.332883742675830652e+00
1.094858871140866885e+00 2.482726262244726367e+00 1.120572958785209350e+00
-1.801717306587475864e+00 -9.556321578575089903e-01 -5.004274971122258941e-01
2.569344100758625071e+00 1.873699283981758557e+00 1.163069446778739913e+00
3.489449088905940966e-01 7.648976232310119583e-01 -2.993449368150714052e-01
-2.700423627400238225e+00 1.227751887837053024e+00 8.074359403738726737e-01
-9.049076686640262768e-01 -1.152104294466781198e+00 -8.289575111438203248e-01
-3.404492900947881928e+00 -3.633037667285197170e-01 -2.427963507816280064e-01
4.491881493783412838e-01 9.842193573278079644e-02 3.142094127075668597e-01
-1.281850640805340058e+00 4.231286015885887264e-01 -8.657563632604364789e-02
-1.017325280884873839e+00 -1.693182126579728441e+00 -1.054777110955269270e+00
1.761222904093078467e+00 2.035708447539602339e+00 1.064529834108763451e+00
-1.001463319875900648e+00 -1.698323437898340726e+00 -9.169051233122028632e-01
2.064399637650990105e+00 2.938708799351633871e+00 1.176875928978758923e+00
-1.189995949194690761e+00 -8.151329004425702518e-01 -6.516399251932680770e-01
1.207610854631657960e+00 5.833592264988504694e-02 -3.854344424462265994e-01
3.030677910545372944e-01 -6.963290875718725070e-01 -3.350969699211821529e-01
-5.989177436929725429e-02 -4.386146082676349589e-02 -2.984347585904757461e-01
-3.618569962750199653e-02 2.098726800290113270e-01 -1.952744945936805976e-02
2.298500768410527861e+00 1.113075273083095063e+00 6.289174051364848639e-01
-1.012678257472320986e+00 -1.399100385090768395e+00 -9.187461789583669658e-01
1.403035190921609665e+00 -7.965466424948526303e-01 2.128280139377971003e-01
-2.929524927674416190e+00 -2.527196629488683843e+00 -7.777074844590292635e-01
-4.515291421611879130e+00 -9.375704879162047867e-01 -9.155356320519236757e-01
2.174673054971835828e+00 4.247922022649038287e-01 2.550802938047667667e-01
2.013994119503657476e+00 2.645932835763513680e-01 4.196976113381261086e-01
-5.093532680858234851e-01 5.652361558300639244e-01 3.901591001477768272e-01
9.198050673348164841e-01 1.631545223545752377e+00 8.357528342347575467e-01
-4.710983047089721820e-01 3.165286469795594027e-01 5.588407688570626308e-02
6.514246555309074482e-01 1.382525969800020293e+00 4.563797704156108415e-02
1.579838365959231661e+00 9.255854699002233898e-01 9.099888690841206884e-01
5.162473233102558012e-01 8.352078427005739103e-01 2.441132142731290422e-01
-1.128478471574820396e+00 -2.173668076397328619e+00 -7.897407337328091748e-01
1.090878375521461940e+00 2.138230759010644633e+00 6.487389566076187108e-01
-1.064074105817775395e+00 -8.194380899714187594e-01 -3.931985069459290605e-01
-1.898002826359412420e+00 4.874861869255208702e-01 1.227314083095014940e-01
1.500489664816901936e+00 7.064557013844048328e-01 1.565958309505667001e-01
-3.681527883174823268e-01 1.441720291046471036e+00 5.863970217059197854e-01
1.054720995766652125e+00 -1.423750689180484086e-01 -4.578515496603620116e-01
4.126062932592926558e+00 1.549012492550292386e+00 6.996638558280409148e-01
1.834647820999801615e+00 1.752951087039933853e+00 9.856367815018932665e-01
-3.583075176881741486e-01 5.359119798059657214e-01 4.454576538683575615e-01
3.248353728346705660e-01 3.125205535853894934e-01 7.439645292873522942e-02
2.171824297869768383e+00 7.756104108059249658e-01 6.133417237179970005e-01
2.570291200331323633e+00 -3.396321931228262203e-01 -6.201637893363953768e-01
-4.372019519129323184e-01 -5.593163272693513210e-01 -7.459485620800071493e-02
-5.144015431159195906e+00 -2.954440877670763577e+00 -1.307397461649749015e+00
1.105862739104818138e+00 3.191655725640131225e-01 8.025032296173811863e-02
-4.424659370313072104e-01 1.596928973997985945e+00 3.049602270500379464e-01
3.375610778381776367e+00 1.817320893668929571e+00 1.514988668484478218e+00
3.665426849065643200e+00 1.696289006019345402e+00 5.700395644871907308e-01
-9.601435798951147849e-01 -7.107776742010687987e-02 -1.769675668523167933e-01
4.022419492454002987e-01 8.146441044979862989e-02 5.021069165329944406e-02
-3.115919973545033361e+00 7.676121947593550487e-02 2.780306973416496463e-01
-1.925923395954756812e+00 -5.635965870838974823e-01 8.850541589359950390e-02
-8.851266108762977369e-01 1.597557819591907680e-02 -4.041855645769686090e-02
1.275915911772108613e+00 -4.279138876874118980e-01 8.054581457995166893e-01
2.335553108198835659e+00 1.575646225834469227e+00 8.078903107385926319e-01
-1.050311495909748150e+00 -3.582828057213342521e-01 -2.717370106118854878e-02
6.648661415138304998e-01 1.031360173077949360e+00 7.202700769175377493e-01
-1.007102660175407172e+00 -1.211761554609228630e-01 2.116786503826593724e-01
-8.770320589858585647e-01 1.835317895463340343e-01 2.796584840265038396e-01
8.737913536152691618e-01 5.172325135287064723e-01 1.181105189759365515e-01
-1.282895168216525716e-01 1.112243534486390795e+00 8.880416875927956699e-01
-1.972360842564212957e+00 -2.140067274442286060e-01 -4.428190554541793222e-01
-1.251826059813103020e+00 -5.778412178177453340e-01 -4.041935931945782601e-01
-2.503449812890590653e+00 8.355164204592555599e-01 2.044853506330701620e-01
-2.317143259174257341e+00 -1.686711777527342138e-01 -4.074551576952432086e-01
6.793884131345920840e-01 -1.205412601484543156e-01 3.530087095472890235e-01
-2.689610718543847145e+00 -1.986923530378661984e-01 -8.809073806693176745e-02
-5.883043521230763018e-01 6.609893315531385483e-01 1.203206449396796163e-01
-3.928160623693416342e-02 -5.181192788033202046e-01 4.278847053538727963e-01
1.731794805973325690e+00 -1.740327391701156357e-01 2.281112612732745237e-01
2.413953110157943449e+00 2.651045932194877164e+00 1.102185931663795193e+00
-4.793284417525145891e+00 -2.795969494345977857e+00 -1.753806795001565666e+00
-1.893893061816229739e-01 -7.748511554476937846e-01 7.241910817478680595e-02
-1.100032574902160221e+00 5.428914141429996842e-01 5.185458366156997512e-03
-1.374871566614576324e+00 1.470039657828628721e-01 -6.207591937583722963e-01
8.370104365225474741e-01 -6.361889737009450430e-02 -2.224245110512933499e-01
-2.109684389096557311e+00 -1.317738788642335068e+00 -6.768397424491804371e-01
-2.836023091231915094e-01 -1.348567093802400585e+00 -5.877417975376038051e-01
5.905725847304202913e-01 1.160805019662197513e+00 3.646388675590958028e-01
3.046206106753536424e+00 2.665283719969380183e+00 1.151264030507902270e+00
-2.454329696810232109e-01 7.719442051707724461e-01 5.386711752579353973e-01
1.083057887691838639e+00 -6.204188521844991033e-01 -5.099057317636579434e-01
-9.916420119627680219e-01 1.995835897939190140e+00 6.939361065249893823e-02
-7.431590499288903695e-02 -9.003705377781953678e-02 -1.950430064402267072e-01
1.449016557369710245e+00 2.615848854825113534e-01 -3.655157181915288378e-01
3.418123708746454437e-01 -2.278596129667236347e+00 -1.140276842563249460e+00
-1.518379843323631961e+00 -1.284873909025125105e+00 -5.015418510669021890e-01
2.733124329579228462e+00 2.191208898791543458e+00 7.474370569186673530e-01
1.935269662987816108e+00 7.574802020939068736e-01 1.107788377650821943e+00
-4.703663985665886282e-01 -1.109923745307384468e+00 -1.260904951766520510e-01
5.280462647628421102e-01 -9.476762578546472637e-01 -6.836082742051886596e-01
1.276585642306504731e+00 -9.065224330540238018e-01 -5.896773159795307695e-01
-5.741036968353550041e-01 -7.683065400818956947e-01 -6.745827834796667144e-01
-1.922105427295826230e+00 -5.949219820966636929e-01 -3.167646638473750054e-01
-7.349414507724071344e-01 1.381827122697409482e+00 7.385403426157125528e-01
2.773824149278763418e+00 6.101945110163333741e-01 4.895380798221958818e-01
2.405582302240888204e+00 8.202282797060225228e-01 4.599207890567781343e-01
-4.073534362788410745e-01 1.043897885257352165e+00 -4.961093520831478254e-01
-3.316298959219374787e+00 -4.143627096937026466e-01 -7.230716281458104966e-01
-1.648192675932971696e+00 -2.063857749227736349e+00 -1.007076265627291578e+00
-1.158731370351974377e+00 2.132792222612913957e-01 1.821243479906667351e-01
3.759909731685893597e+00 1.113446178317910817e+00 6.289922075108022037e-01
-2.514740548422909949e+00 -1.326971912159062184e+00 -8.758079639299608532e-01
2.652813558410612949e+00 2.280864397073821603e+00 6.043055585487797643e-01
-1.854763588299657373e+00 1.141943273986852248e+00 1.271431614987400538e-01
-1.587422475956458356e+00 -1.271531023172176811e+00 -7.450296898125355893e-01
-1.084343603401469291e+00 -1.451734634328914142e+00 -6.833100913092835516e-01
3.451777039939079028e+00 -2.219776501539247882e-01 2.941953653374018707e-01
6.118026171990291751e-01 4.154764127974196475e-01 -1.754231079358753997e-01
1.135953823003424068e+00 -8.893489861693217868e-01 -8.310395883922086502e-02
3.539235319809184710e-01 2.391935310753535160e-01 3.874142858516841925e-01
9.496757748635911156e-01 3.576771362995390113e-02 3.479277871107995246e-01
3.596721263319563322e-01 2.230425716455052942e+00 1.399070000062478281e+00
1.207043582100763603e-02 -2.648694537457183529e-01 -3.049136701149155471e-01
2.821403863147382562e+00 1.361463497138058365e+00 7.104547155786725687e-01
-9.515012622829701616e-01 -1.037796091900959894e+00 -6.736065079126263289e-01
2.158105719212049411e+00 1.375359938141787808e+00 1.071989436984006172e+00
4.170013571144593478e-01 -1.620054124824985564e+00 -5.470304285971299141e-01
3.332187815903228767e+00 3.426262449564662749e+00 1.363168116782408790e+00
-5.366418283033091291e-02 -1.384301503170204839e+00 -5.015898820046289508e-01
1.059785891565439453e+00 -2.814754403809939243e-01 -1.749294946144697160e-02
3.327646157496941370e+00 -9.970038125522051597e-01 -1.788989143751968935e-01
-8.907958736085291873e-01 -1.343622972389740822e+00 -6.614810951571724607e-01
-8.917460898100471045e-01 -5.256367987043195633e-01 -4.948157980632892361e-01
2.567271163957943747e-01 -9.757677690780283131e-01 -8.389693237677415816e-01
3.262849889175371138e-02 4.722055762549476898e-01 4.959994579299475959e-01
1.964532295189713507e+00 -1.096571055103338521e+00 -2.149496462246712203e-01
1.846253121541166387e+00 9.487570099733040330e-01 5.272566427218464691e-01
-8.374020455500592597e-01 -3.763662471722301062e-01 -4.459483825395015311e-01
1.012659886291644940e+00 -6.815822827941538931e-01 -1.258387999273312130e-01
-5.009223196793864963e-01 -7.027825627804276110e-01 -2.950030487379042277e-01
1.610120357346185527e+00 -3.669859207191646933e-01 -5.359408224505367579e-01
1.041906978296306630e+00 1.230274022238128762e+00 5.518815949955975242e-01
1.693916581130284316e+00 4.295199966744989162e-03 -4.733875590306496628e-01
-1.008549582430609215e+00 -1.957817586967770973e+00 -1.024245469056032087e+00
-1.167495811264558148e+00 -6.705894850156983722e-01 -1.607136827796107892e-01
8.528136200860801930e-01 -8.601248625077816401e-01 2.016464479633771623e-01
-3.519155580964273833e-01 8.463432208733553397e-01 5.168530856005204566e-01
9.114135948679281674e-01 2.005373769206918677e+00 1.108057575594397548e+00
-3.514898625483530381e+00 -1.652449581703852477e+00 -1.097465926722529073e+00
4.904841481652181256e-01 1.443660800907438535e+00 7.624443987893140262e-01
-1.695628970227122556e+00 -7.380839957182077082e-01 -6.545793971935752742e-01
2.339000318530693789e+00 1.052442773924850306e+00 8.383274501731907691e-02
6.904481190987546979e-01 1.713812593078242408e+00 1.744807649619261047e-01
-7.840235863804457805e-01 -1.593434603045470910e+00 -1.000200247358418171e-01
-1.117559812422383336e+00 -9.197389936985208569e-01 -1.496829155703355285e-01
-2.035926086881270525e+00 -5.585612507161804574e-01 -1.341214158939920964e-01
-4.090433561447569311e+00 -1.858019191179794083e+00 -9.353502488858349562e-01
1.651062323017366218e+00 1.598058627463105008e+00 6.755227230647476988e-01
-1.418468136038699479e+00 -1.391798963637966624e+00 -9.402300931299352182e-01
1.312071565526595984e+00 -1.034695721021052561e+00 8.743691325492780608e-02
1.785559818247424158e+00 -4.304298432860745871e-01 -3.492748413194312063e-01
3.020665166579529881e+00 1.257157440526589287e+00 5.897317065182811069e-01
-2.262280700000893319e+00 -5.502047291026612719e-01 -8.863523181693515607e-01
-3.589312620017894861e-01 -1.558804706960220110e-01 -2.714982498561157032e-01
1.372167460922307569e+00 1.893136052476936060e+00 1.270903873171616683e+00
9.336363605113918718e-01 -3.728509405842480029e-01 -9.973715745571576363e-02
2.377807071815856599e+00 2.117505391505085655e+00 1.435928853769197877e+00
3.102307672954705442e+00 2.316617854404084298e+00 1.191036485394233679e+00
5.492597314080841647e-02 -1.966072770697759736e-02 1.634519465274870270e-02
5.506177762410746634e-01 4.191074037925499596e-01 5.771434642147660332e-01
-3.385162962776972595e+00 -3.324734299667855830e-01 -1.682521539039690539e-01
1.554492519421560193e+00 -4.597729879488210991e-01 -3.598438662005927213e-01
1.108827484319062195e+00 -1.400862639539774523e+00 -4.983850815236088305e-01
4.203661697948787079e+00 3.300350240073044450e+00 1.678962115986361026e+00
2.987671565451394784e+00 1.261700339519568614e-01 2.596298758543202356e-01
9.079768496097656225e-03 -4.343267638607251069e-02 -4.949349890754675130e-01
6.364990279652447125e-01 -7.918253412278281056e-01 -8.620542263324604271e-01
1.709120975700485268e+00 2.447105802886954784e+00 1.355671035171589267e+00
3.135840102268570462e+00 -3.680050736332386996e-01 -5.339966368361371424e-02
-3.079995735555235647e+00 -1.744606573971087427e+00 -8.459932743138321998e-01
-1.741565298695865183e+00 1.805543017742455181e+00 1.181903799790938070e+00
-7.489338661601399050e-01 -1.282855744715732105e-01 4.102196938055570341e-02
-9.846043975273514048e-01 1.149042975431556979e+00 1.813756234212883789e-01
-3.607681330516135376e-01 6.285105175262810651e-01 5.699304433613516796e-02
7.653542582179861942e-02 -2.766938908932603081e+00 -8.464232402717120074e-01
-2.906108832330327907e+00 -1.488866500972111595e+00 -1.125472475415001394e+00
-7.405347446748017370e-01 1.192439283576443021e+00 6.907086262241687313e-01
3.620741473533775068e+00 8.172166895300551070e-01 5.763064392665513402e-01
-7.288058683858210651e-01 -1.020831630163389347e-02 1.278896635728330178e-01
2.217744083553023771e+00 2.908245630097678003e+00 1.366961716555747719e+00
-3.296278896203108211e+00 -3.340590119090773302e-01 -1.598339023877371201e-01
-9.214046955226399271e-01 -1.058717913655814469e-01 -2.114964332892752541e-01
-3.205447676081416564e-01 -7.192839795520015664e-03 -3.389492110000751068e-02
-2.988377017478752951e+00 -3.343245896797956362e+00 -1.347840049898233916e+00
-9.619177748433296316e-01 -1.391485050254164912e+00 -7.838623314488135652e-01
4.172475744328298930e-01 6.851348040713033383e-01 4.369648282490389279e-01
-1.024763898813286112e+00 7.033800281929464271e-01 2.704649775711819859e-01
-1.519415056799328534e+00 -2.065228894233638535e+00 -1.307997483196736255e+00
3.411610041783085023e+00 1.312402363260793514e+00 9.258800476049411365e-01
-1.433014839970316423e+00 -7.438793344173796340e-01 -1.111187432413585086e-02
3.294207755612737376e+00 2.866332589072208670e+00 1.326695434014632413e+00
8.696225920375209029e-01 1.387168895490336340e-01 -2.818830046513549903e-02
9.704260626304414550e-02 5.503785001406872324e-01 -1.938814967207450057e-02
5.900841227584239235e-01 5.450603933404657431e-01 -1.808096347567333673e-01
2.323717405041157757e+00 8.391741922685772570e-01 1.724374659036158053e-01
-1.279921462689094236e+00 -1.044380259511120457e+00 -3.578601529530245351e-01
4.839485156825805490e+00 2.891525496195992417e+00 7.846533235115666916e-01
2.326877428971098061e-01 1.100865865650451081e+00 3.224950230393175410e-01
-3.500667544592372060e+00 -4.117147017185579516e-01 -1.186035464167604359e-01
2.524047779600404162e+00 1.963013328362686938e+00 3.800531518264883557e-01
2.602159571366446045e+00 3.363558146789602521e-01 -1.920099558327875156e-01
6.779199384104477311e-01 -9.229827792076836790e-01 -2.604061542648221650e-01
-2.045033887474604350e-01 2.246396093542793460e-01 2.824150335207620821e-01
-1.603599183155907382e-01 -6.967497179589101641e-01 -4.053061197671778415e-02
4.225866183457895886e-01 -7.661305371525469754e-01 -5.292497878219493135e-01
-2.208386246512022144e-01 -1.873368131885649879e-01 -4.693795570123220351e-01
5.000142432553991156e-01 -4.044699750413506267e-01 -5.182347475065139930e-01
3.017484191140883953e-01 5.783611543245119613e-01 4.114466480912211122e-01
-1.017532036054241029e+00 6.806705380549528117e-01 1.332625188060653221e-01
6.992854071573071373e-01 -2.928051189101139151e+00 -1.302189022589600231e+00
1.235766248652202082e+00 3.276146956639940794e-02 -7.430548538095153865e-02
-8.531522908563847762e-01 6.583275211148382766e-01 -4.184753252188720962e-01
9.685903236079211887e-01 1.131669638481497042e+00 6.627625385358349996e-01
1.095810025417225386e+00 8.852450614813776042e-01 6.755242492630191276e-01
-3.243098629178681414e+00 -8.145115583176230079e-01 -4.032377386434960465e-01
-3.695766987297704809e+00 -2.890328743698579839e+00 -1.479952781831020969e+00
-1.809597329595512782e+00 -3.782768690334319395e+00 -1.444571882171633570e+00
-2.805537707201790076e-01 2.621392427795508073e+00 1.805124841976448069e+00
-1.271324803300107886e+00 1.526267093828475030e+00 7.273054428630210122e-01
1.513174414303920079e+00 -2.248756322073928171e+00 -9.184155476099772342e-01
-1.667231633374410826e-02 4.469409756350066765e-01 4.140680747271280326e-03
-8.365092214963264494e-01 1.471935629884386643e+00 5.619516830238837635e-01
1.350019101590865134e+00 1.168401894038105793e+00 -4.716288898905141025e-02
-1.038865294111682713e+00 -7.081790963869553091e-01 -1.343607649958332984e-01
2.382024320180727184e+00 2.620485103720824327e+00 8.287694398337923651e-01
-4.291378820666089666e+00 -2.967022001546037124e+00 -1.088666341551759009e+00
-1.604734260130880885e-01 1.129374426366726469e+00 5.385469496418973101e-01
3.360930710706180879e-01 9.030345416798626346e-01 6.659411070867489180e-01
1.982927108261073545e+00 2.665326262560065995e+00 1.145664344597671080e+00
